0.000000	0.229092	0.238897	0.231380	0.360773	0.225524	0.227370	0.362425	0.304022	0.362905	0.345659	0.316571	0.351028	0.358595	0.360485	0.353963	0.355842	0.225775	0.229802	0.359776	0.353350	0.363964	0.337625	0.355592	0.359377	0.350282	0.358848	0.230114	0.237958	0.224138	0.231363	0.231782	0.238714	0.232166	0.232463	0.222331	0.231541	0.240789	0.241805	0.231385	0.227728	0.234511	0.232992	0.224428	0.236562	0.233518	0.232141	
0.229092	0.000000	0.238304	0.237165	0.359504	0.225049	0.231087	0.359473	0.307859	0.363066	0.348423	0.313069	0.343164	0.353584	0.354421	0.357646	0.355087	0.230120	0.229698	0.351399	0.352125	0.355093	0.340031	0.352427	0.353631	0.346080	0.354287	0.238454	0.232836	0.231920	0.234596	0.232602	0.235207	0.236883	0.229992	0.224238	0.228787	0.228340	0.237634	0.235694	0.237083	0.231300	0.232253	0.233636	0.231070	0.230483	0.232981	
0.238897	0.238304	0.000000	0.247486	0.353945	0.232764	0.240698	0.366026	0.315028	0.361013	0.345168	0.305169	0.346529	0.359258	0.356499	0.359159	0.351119	0.241579	0.245257	0.359454	0.353293	0.360930	0.336483	0.356130	0.357736	0.352879	0.357758	0.249903	0.242204	0.241077	0.239738	0.241077	0.244626	0.237529	0.240235	0.239006	0.240638	0.243632	0.250161	0.239361	0.241880	0.242104	0.258254	0.242708	0.247978	0.249440	0.249235	
0.231380	0.237165	0.247486	0.000000	0.331868	0.234272	0.242177	0.348122	0.294786	0.350700	0.334946	0.310223	0.348884	0.354516	0.352015	0.349107	0.344056	0.240791	0.247270	0.351870	0.352108	0.358000	0.337997	0.348278	0.349484	0.343889	0.351772	0.243553	0.244683	0.254598	0.246386	0.238199	0.246849	0.247981	0.237244	0.245932	0.242973	0.248629	0.256458	0.243532	0.239899	0.240869	0.236375	0.246789	0.236976	0.236834	0.241797	
0.360773	0.359504	0.353945	0.331868	0.000000	0.351011	0.356829	0.243248	0.272534	0.234970	0.251312	0.270225	0.254880	0.244853	0.251027	0.240641	0.236821	0.353248	0.348613	0.242690	0.244400	0.239389	0.245030	0.244887	0.231054	0.235943	0.249337	0.345300	0.353072	0.347553	0.353159	0.355560	0.351959	0.346890	0.353365	0.348297	0.358554	0.360656	0.342489	0.359993	0.349622	0.355513	0.354426	0.363166	0.359722	0.358444	0.352368	
0.225524	0.225049	0.232764	0.234272	0.351011	0.000000	0.229655	0.359775	0.305351	0.358591	0.350157	0.311936	0.340507	0.354636	0.359278	0.354472	0.350150	0.227489	0.227626	0.355599	0.355147	0.357685	0.340117	0.350923	0.350670	0.350067	0.352880	0.234373	0.238633	0.232927	0.233276	0.228499	0.235388	0.235222	0.226397	0.228870	0.235639	0.230898	0.235961	0.229494	0.229817	0.231667	0.229199	0.224323	0.229943	0.231084	0.226704	
0.227370	0.231087	0.240698	0.242177	0.356829	0.229655	0.000000	0.362161	0.305678	0.361884	0.349451	0.314362	0.346004	0.354960	0.359613	0.359347	0.356446	0.230454	0.236165	0.356376	0.352871	0.361840	0.339187	0.356587	0.355600	0.352395	0.354439	0.238052	0.236757	0.234412	0.231136	0.230320	0.236081	0.241543	0.232393	0.234806	0.233432	0.238448	0.246076	0.234151	0.234833	0.228019	0.235027	0.233462	0.236572	0.231119	0.233268	
0.362425	0.359473	0.366026	0.348122	0.243248	0.359775	0.362161	0.000000	0.282081	0.236295	0.244531	0.267442	0.254406	0.247142	0.244528	0.241678	0.234165	0.358036	0.358848	0.242971	0.248059	0.245141	0.249828	0.244738	0.245232	0.240032	0.238611	0.351871	0.360295	0.359016	0.357280	0.361600	0.362770	0.355287	0.361989	0.368805	0.359639	0.359110	0.356690	0.357716	0.361597	0.363058	0.366014	0.365573	0.362909	0.362816	0.361553	
0.304022	0.307859	0.315028	0.294786	0.272534	0.305351	0.305678	0.282081	0.000000	0.272676	0.276587	0.278725	0.279869	0.275304	0.270202	0.276249	0.274011	0.295862	0.305660	0.280933	0.287129	0.272727	0.269707	0.281311	0.269365	0.269605	0.282207	0.309691	0.307382	0.314815	0.314875	0.308703	0.298881	0.309255	0.310187	0.300864	0.314712	0.308711	0.303064	0.294996	0.301988	0.317741	0.311486	0.306747	0.308570	0.307222	0.309936	
0.362905	0.363066	0.361013	0.350700	0.234970	0.358591	0.361884	0.236295	0.272676	0.000000	0.244685	0.262431	0.244754	0.238814	0.234752	0.235069	0.225501	0.363382	0.349585	0.232646	0.245383	0.233013	0.239643	0.239903	0.230028	0.226005	0.226292	0.354850	0.364603	0.360801	0.360360	0.362315	0.364218	0.354640	0.358674	0.366502	0.364504	0.363057	0.356280	0.358634	0.360022	0.369072	0.363616	0.361826	0.359277	0.366551	0.366150	
0.345659	0.348423	0.345168	0.334946	0.251312	0.350157	0.349451	0.244531	0.276587	0.244685	0.000000	0.274504	0.203337	0.248676	0.239773	0.246366	0.248164	0.343740	0.345135	0.243187	0.251345	0.254327	0.246709	0.253610	0.242943	0.239148	0.247492	0.334383	0.349291	0.344773	0.349181	0.338042	0.347438	0.345328	0.352726	0.340978	0.347482	0.338885	0.337301	0.343221	0.343650	0.352090	0.350976	0.344847	0.344409	0.351091	0.350088	
0.316571	0.313069	0.305169	0.310223	0.270225	0.311936	0.314362	0.267442	0.278725	0.262431	0.274504	0.000000	0.273820	0.274916	0.265199	0.269106	0.258979	0.315308	0.308037	0.270977	0.272692	0.272032	0.266637	0.264322	0.266733	0.261670	0.266617	0.306256	0.307278	0.313654	0.314247	0.316629	0.318390	0.308438	0.311279	0.301658	0.317079	0.315735	0.309826	0.319474	0.282933	0.320570	0.311690	0.306433	0.317495	0.314904	0.317409	
0.351028	0.343164	0.346529	0.348884	0.254880	0.340507	0.346004	0.254406	0.279869	0.244754	0.203337	0.273820	0.000000	0.256760	0.249608	0.249406	0.245945	0.337436	0.340280	0.251149	0.258030	0.255647	0.256726	0.257472	0.248629	0.243119	0.247724	0.338161	0.346239	0.338019	0.338267	0.344555	0.342170	0.339644	0.343609	0.345282	0.342851	0.337976	0.335388	0.341256	0.343866	0.347075	0.348493	0.346817	0.343126	0.346167	0.347089	
0.358595	0.353584	0.359258	0.354516	0.244853	0.354636	0.354960	0.247142	0.275304	0.238814	0.248676	0.274916	0.256760	0.000000	0.243034	0.243067	0.237969	0.352156	0.349110	0.245802	0.249896	0.248269	0.244214	0.250064	0.244012	0.242182	0.246537	0.349751	0.352825	0.350820	0.355247	0.354313	0.359156	0.349625	0.355214	0.356424	0.358244	0.354006	0.336365	0.349812	0.358721	0.357760	0.360371	0.358052	0.353611	0.355135	0.356163	
0.360485	0.354421	0.356499	0.352015	0.251027	0.359278	0.359613	0.244528	0.270202	0.234752	0.239773	0.265199	0.249608	0.243034	0.000000	0.237517	0.234184	0.353911	0.354621	0.238093	0.248483	0.242247	0.243708	0.241224	0.233744	0.230942	0.239217	0.347332	0.354526	0.353388	0.353161	0.355554	0.360868	0.355886	0.356194	0.358293	0.358730	0.351779	0.351184	0.353250	0.353122	0.358888	0.357887	0.350764	0.358004	0.357331	0.357478	
0.353963	0.357646	0.359159	0.349107	0.240641	0.354472	0.359347	0.241678	0.276249	0.235069	0.246366	0.269106	0.249406	0.243067	0.237517	0.000000	0.234458	0.354733	0.354184	0.238491	0.245865	0.244782	0.249161	0.241808	0.239591	0.233441	0.236789	0.344891	0.353758	0.351131	0.352390	0.355786	0.362120	0.348993	0.355424	0.360233	0.359104	0.350989	0.348473	0.349825	0.357065	0.357073	0.357488	0.355894	0.353071	0.358899	0.359847	
0.355842	0.355087	0.351119	0.344056	0.236821	0.350150	0.356446	0.234165	0.274011	0.225501	0.248164	0.258979	0.245945	0.237969	0.234184	0.234458	0.000000	0.353613	0.344998	0.231610	0.237180	0.244330	0.238947	0.249791	0.233380	0.227388	0.239539	0.339416	0.349053	0.350293	0.345747	0.349203	0.353738	0.339796	0.356831	0.355292	0.355502	0.352884	0.346039	0.351220	0.342852	0.358502	0.355926	0.349075	0.351924	0.357150	0.355203	
0.225775	0.230120	0.241579	0.240791	0.353248	0.227489	0.230454	0.358036	0.295862	0.363382	0.343740	0.315308	0.337436	0.352156	0.353911	0.354733	0.353613	0.000000	0.239431	0.352440	0.349325	0.352682	0.336816	0.350820	0.349893	0.349005	0.352308	0.237487	0.238241	0.229885	0.229456	0.234320	0.240857	0.241302	0.235821	0.227636	0.235342	0.238600	0.241167	0.235151	0.231875	0.232590	0.235682	0.235452	0.235863	0.231320	0.230731	
0.229802	0.229698	0.245257	0.247270	0.348613	0.227626	0.236165	0.358848	0.305660	0.349585	0.345135	0.308037	0.340280	0.349110	0.354621	0.354184	0.344998	0.239431	0.000000	0.353035	0.348377	0.354967	0.333010	0.348092	0.344844	0.340756	0.349037	0.232532	0.225974	0.229146	0.233604	0.234008	0.234781	0.235983	0.231750	0.215453	0.238664	0.230446	0.232858	0.238393	0.237789	0.235622	0.237248	0.227198	0.233526	0.233274	0.239499	
0.359776	0.351399	0.359454	0.351870	0.242690	0.355599	0.356376	0.242971	0.280933	0.232646	0.243187	0.270977	0.251149	0.245802	0.238093	0.238491	0.231610	0.352440	0.353035	0.000000	0.245429	0.241569	0.244482	0.241558	0.241581	0.231963	0.233507	0.343797	0.346689	0.356484	0.349955	0.354629	0.358917	0.350513	0.355321	0.351405	0.356186	0.350984	0.348438	0.352297	0.357237	0.361610	0.355724	0.355835	0.359311	0.355323	0.351679	
0.353350	0.352125	0.353293	0.352108	0.244400	0.355147	0.352871	0.248059	0.287129	0.245383	0.251345	0.272692	0.258030	0.249896	0.248483	0.245865	0.237180	0.349325	0.348377	0.245429	0.000000	0.253463	0.245364	0.255531	0.245802	0.244517	0.243802	0.345581	0.344365	0.354612	0.348926	0.353470	0.355787	0.348497	0.351207	0.354720	0.352744	0.350014	0.344350	0.352873	0.352321	0.355971	0.354644	0.351172	0.357302	0.356600	0.350154	
0.363964	0.355093	0.360930	0.358000	0.239389	0.357685	0.361840	0.245141	0.272727	0.233013	0.254327	0.272032	0.255647	0.248269	0.242247	0.244782	0.244330	0.352682	0.354967	0.241569	0.253463	0.000000	0.244712	0.247518	0.241464	0.236924	0.237008	0.349378	0.358533	0.349884	0.355657	0.361505	0.358033	0.355290	0.360760	0.355753	0.359526	0.354132	0.351313	0.355455	0.360272	0.363173	0.360596	0.356728	0.360637	0.361031	0.356033	
0.337625	0.340031	0.336483	0.337997	0.245030	0.340117	0.339187	0.249828	0.269707	0.239643	0.246709	0.266637	0.256726	0.244214	0.243708	0.249161	0.238947	0.336816	0.333010	0.244482	0.245364	0.244712	0.000000	0.246292	0.244417	0.238992	0.235359	0.335676	0.331444	0.336695	0.336385	0.336504	0.338071	0.330903	0.336605	0.331984	0.336303	0.336279	0.333229	0.333220	0.337570	0.341548	0.343441	0.336501	0.340096	0.339837	0.342814	
0.355592	0.352427	0.356130	0.348278	0.244887	0.350923	0.356587	0.244738	0.281311	0.239903	0.253610	0.264322	0.257472	0.250064	0.241224	0.241808	0.249791	0.350820	0.348092	0.241558	0.255531	0.247518	0.246292	0.000000	0.244946	0.244705	0.247709	0.334506	0.343609	0.351638	0.350726	0.352896	0.353245	0.345899	0.353461	0.347946	0.353184	0.348193	0.349371	0.353543	0.354686	0.356003	0.357114	0.354592	0.354894	0.354528	0.352923	
0.359377	0.353631	0.357736	0.349484	0.231054	0.350670	0.355600	0.245232	0.269365	0.230028	0.242943	0.266733	0.248629	0.244012	0.233744	0.239591	0.233380	0.349893	0.344844	0.241581	0.245802	0.241464	0.244417	0.244946	0.000000	0.234087	0.236687	0.344506	0.351321	0.353534	0.348008	0.354098	0.355165	0.351257	0.349781	0.360387	0.357880	0.353551	0.347928	0.353092	0.349961	0.357304	0.355315	0.354476	0.355179	0.353344	0.356505	
0.350282	0.346080	0.352879	0.343889	0.235943	0.350067	0.352395	0.240032	0.269605	0.226005	0.239148	0.261670	0.243119	0.242182	0.230942	0.233441	0.227388	0.349005	0.340756	0.231963	0.244517	0.236924	0.238992	0.244705	0.234087	0.000000	0.229352	0.337866	0.342408	0.349516	0.348795	0.346502	0.353739	0.346612	0.344337	0.351454	0.345278	0.350192	0.337794	0.346628	0.346703	0.354320	0.353356	0.347751	0.349008	0.349480	0.347902	
0.358848	0.354287	0.357758	0.351772	0.249337	0.352880	0.354439	0.238611	0.282207	0.226292	0.247492	0.266617	0.247724	0.246537	0.239217	0.236789	0.239539	0.352308	0.349037	0.233507	0.243802	0.237008	0.235359	0.247709	0.236687	0.229352	0.000000	0.346318	0.344456	0.346438	0.348945	0.355761	0.358947	0.345989	0.353444	0.352070	0.356408	0.349988	0.346928	0.349051	0.352185	0.357640	0.352575	0.349995	0.352750	0.354760	0.354718	
0.230114	0.238454	0.249903	0.243553	0.345300	0.234373	0.238052	0.351871	0.309691	0.354850	0.334383	0.306256	0.338161	0.349751	0.347332	0.344891	0.339416	0.237487	0.232532	0.343797	0.345581	0.349378	0.335676	0.334506	0.344506	0.337866	0.346318	0.000000	0.238127	0.231126	0.232394	0.236354	0.247052	0.241962	0.237597	0.228485	0.237981	0.232418	0.239064	0.238674	0.240339	0.237204	0.238324	0.240316	0.239457	0.238219	0.238257	
0.237958	0.232836	0.242204	0.244683	0.353072	0.238633	0.236757	0.360295	0.307382	0.364603	0.349291	0.307278	0.346239	0.352825	0.354526	0.353758	0.349053	0.238241	0.225974	0.346689	0.344365	0.358533	0.331444	0.343609	0.351321	0.342408	0.344456	0.238127	0.000000	0.222878	0.236048	0.235869	0.240110	0.234254	0.234077	0.221582	0.233232	0.229244	0.237542	0.240855	0.242018	0.237153	0.236083	0.226897	0.241339	0.238386	0.240873	
0.224138	0.231920	0.241077	0.254598	0.347553	0.232927	0.234412	0.359016	0.314815	0.360801	0.344773	0.313654	0.338019	0.350820	0.353388	0.351131	0.350293	0.229885	0.229146	0.356484	0.354612	0.349884	0.336695	0.351638	0.353534	0.349516	0.346438	0.231126	0.222878	0.000000	0.225589	0.229428	0.233945	0.231809	0.223513	0.225718	0.228347	0.228043	0.230748	0.236620	0.233370	0.234231	0.233328	0.227291	0.234594	0.232748	0.235929	
0.231363	0.234596	0.239738	0.246386	0.353159	0.233276	0.231136	0.357280	0.314875	0.360360	0.349181	0.314247	0.338267	0.355247	0.353161	0.352390	0.345747	0.229456	0.233604	0.349955	0.348926	0.355657	0.336385	0.350726	0.348008	0.348795	0.348945	0.232394	0.236048	0.225589	0.000000	0.230100	0.233971	0.237802	0.227827	0.221901	0.232482	0.231513	0.234948	0.232403	0.238625	0.230559	0.229166	0.225424	0.231369	0.230565	0.230556	
0.231782	0.232602	0.241077	0.238199	0.355560	0.228499	0.230320	0.361600	0.308703	0.362315	0.338042	0.316629	0.344555	0.354313	0.355554	0.355786	0.349203	0.234320	0.234008	0.354629	0.353470	0.361505	0.336504	0.352896	0.354098	0.346502	0.355761	0.236354	0.235869	0.229428	0.230100	0.000000	0.230760	0.236331	0.232770	0.229520	0.230570	0.230087	0.237494	0.233590	0.238551	0.230995	0.235462	0.230072	0.231533	0.232218	0.234629	
0.238714	0.235207	0.244626	0.246849	0.351959	0.235388	0.236081	0.362770	0.298881	0.364218	0.347438	0.318390	0.342170	0.359156	0.360868	0.362120	0.353738	0.240857	0.234781	0.358917	0.355787	0.358033	0.338071	0.353245	0.355165	0.353739	0.358947	0.247052	0.240110	0.233945	0.233971	0.230760	0.000000	0.242335	0.236148	0.233283	0.231792	0.236232	0.241866	0.235599	0.244171	0.238549	0.237127	0.237899	0.237512	0.234386	0.237157	
0.232166	0.236883	0.237529	0.247981	0.346890	0.235222	0.241543	0.355287	0.309255	0.354640	0.345328	0.308438	0.339644	0.349625	0.355886	0.348993	0.339796	0.241302	0.235983	0.350513	0.348497	0.355290	0.330903	0.345899	0.351257	0.346612	0.345989	0.241962	0.234254	0.231809	0.237802	0.236331	0.242335	0.000000	0.234215	0.222635	0.237246	0.237166	0.240022	0.243925	0.231844	0.235611	0.241153	0.235261	0.238867	0.240130	0.244363	
0.232463	0.229992	0.240235	0.237244	0.353365	0.226397	0.232393	0.361989	0.310187	0.358674	0.352726	0.311279	0.343609	0.355214	0.356194	0.355424	0.356831	0.235821	0.231750	0.355321	0.351207	0.360760	0.336605	0.353461	0.349781	0.344337	0.353444	0.237597	0.234077	0.223513	0.227827	0.232770	0.236148	0.234215	0.000000	0.222737	0.229984	0.230736	0.235326	0.235291	0.237255	0.229721	0.236257	0.226295	0.234806	0.230179	0.230412	
0.222331	0.224238	0.239006	0.245932	0.348297	0.228870	0.234806	0.368805	0.300864	0.366502	0.340978	0.301658	0.345282	0.356424	0.358293	0.360233	0.355292	0.227636	0.215453	0.351405	0.354720	0.355753	0.331984	0.347946	0.360387	0.351454	0.352070	0.228485	0.221582	0.225718	0.221901	0.229520	0.233283	0.222635	0.222737	0.000000	0.223038	0.229855	0.217128	0.240883	0.230022	0.231680	0.227545	0.216053	0.232678	0.230077	0.234362	
0.231541	0.228787	0.240638	0.242973	0.358554	0.235639	0.233432	0.359639	0.314712	0.364504	0.347482	0.317079	0.342851	0.358244	0.358730	0.359104	0.355502	0.235342	0.238664	0.356186	0.352744	0.359526	0.336303	0.353184	0.357880	0.345278	0.356408	0.237981	0.233232	0.228347	0.232482	0.230570	0.231792	0.237246	0.229984	0.223038	0.000000	0.236948	0.242122	0.238282	0.237001	0.231291	0.234259	0.231320	0.231395	0.226363	0.234599	
0.240789	0.228340	0.243632	0.248629	0.360656	0.230898	0.238448	0.359110	0.308711	0.363057	0.338885	0.315735	0.337976	0.354006	0.351779	0.350989	0.352884	0.238600	0.230446	0.350984	0.350014	0.354132	0.336279	0.348193	0.353551	0.350192	0.349988	0.232418	0.229244	0.228043	0.231513	0.230087	0.236232	0.237166	0.230736	0.229855	0.236948	0.000000	0.229625	0.236413	0.236192	0.239359	0.237569	0.226391	0.231184	0.236138	0.232846	
0.241805	0.237634	0.250161	0.256458	0.342489	0.235961	0.246076	0.356690	0.303064	0.356280	0.337301	0.309826	0.335388	0.336365	0.351184	0.348473	0.346039	0.241167	0.232858	0.348438	0.344350	0.351313	0.333229	0.349371	0.347928	0.337794	0.346928	0.239064	0.237542	0.230748	0.234948	0.237494	0.241866	0.240022	0.235326	0.217128	0.242122	0.229625	0.000000	0.246665	0.242473	0.243178	0.239533	0.228476	0.239505	0.240773	0.242341	
0.231385	0.235694	0.239361	0.243532	0.359993	0.229494	0.234151	0.357716	0.294996	0.358634	0.343221	0.319474	0.341256	0.349812	0.353250	0.349825	0.351220	0.235151	0.238393	0.352297	0.352873	0.355455	0.333220	0.353543	0.353092	0.346628	0.349051	0.238674	0.240855	0.236620	0.232403	0.233590	0.235599	0.243925	0.235291	0.240883	0.238282	0.236413	0.246665	0.000000	0.242098	0.232541	0.239881	0.237748	0.233803	0.240810	0.233578	
0.227728	0.237083	0.241880	0.239899	0.349622	0.229817	0.234833	0.361597	0.301988	0.360022	0.343650	0.282933	0.343866	0.358721	0.353122	0.357065	0.342852	0.231875	0.237789	0.357237	0.352321	0.360272	0.337570	0.354686	0.349961	0.346703	0.352185	0.240339	0.242018	0.233370	0.238625	0.238551	0.244171	0.231844	0.237255	0.230022	0.237001	0.236192	0.242473	0.242098	0.000000	0.234248	0.234734	0.234984	0.237911	0.232001	0.238574	
0.234511	0.231300	0.242104	0.240869	0.355513	0.231667	0.228019	0.363058	0.317741	0.369072	0.352090	0.320570	0.347075	0.357760	0.358888	0.357073	0.358502	0.232590	0.235622	0.361610	0.355971	0.363173	0.341548	0.356003	0.357304	0.354320	0.357640	0.237204	0.237153	0.234231	0.230559	0.230995	0.238549	0.235611	0.229721	0.231680	0.231291	0.239359	0.243178	0.232541	0.234248	0.000000	0.238839	0.234548	0.234489	0.229822	0.237998	
0.232992	0.232253	0.258254	0.236375	0.354426	0.229199	0.235027	0.366014	0.311486	0.363616	0.350976	0.311690	0.348493	0.360371	0.357887	0.357488	0.355926	0.235682	0.237248	0.355724	0.354644	0.360596	0.343441	0.357114	0.355315	0.353356	0.352575	0.238324	0.236083	0.233328	0.229166	0.235462	0.237127	0.241153	0.236257	0.227545	0.234259	0.237569	0.239533	0.239881	0.234734	0.238839	0.000000	0.237893	0.242659	0.242631	0.244902	
0.224428	0.233636	0.242708	0.246789	0.363166	0.224323	0.233462	0.365573	0.306747	0.361826	0.344847	0.306433	0.346817	0.358052	0.350764	0.355894	0.349075	0.235452	0.227198	0.355835	0.351172	0.356728	0.336501	0.354592	0.354476	0.347751	0.349995	0.240316	0.226897	0.227291	0.225424	0.230072	0.237899	0.235261	0.226295	0.216053	0.231320	0.226391	0.228476	0.237748	0.234984	0.234548	0.237893	0.000000	0.236131	0.230315	0.231036	
0.236562	0.231070	0.247978	0.236976	0.359722	0.229943	0.236572	0.362909	0.308570	0.359277	0.344409	0.317495	0.343126	0.353611	0.358004	0.353071	0.351924	0.235863	0.233526	0.359311	0.357302	0.360637	0.340096	0.354894	0.355179	0.349008	0.352750	0.239457	0.241339	0.234594	0.231369	0.231533	0.237512	0.238867	0.234806	0.232678	0.231395	0.231184	0.239505	0.233803	0.237911	0.234489	0.242659	0.236131	0.000000	0.237044	0.243217	
0.233518	0.230483	0.249440	0.236834	0.358444	0.231084	0.231119	0.362816	0.307222	0.366551	0.351091	0.314904	0.346167	0.355135	0.357331	0.358899	0.357150	0.231320	0.233274	0.355323	0.356600	0.361031	0.339837	0.354528	0.353344	0.349480	0.354760	0.238219	0.238386	0.232748	0.230565	0.232218	0.234386	0.240130	0.230179	0.230077	0.226363	0.236138	0.240773	0.240810	0.232001	0.229822	0.242631	0.230315	0.237044	0.000000	0.240666	
0.232141	0.232981	0.249235	0.241797	0.352368	0.226704	0.233268	0.361553	0.309936	0.366150	0.350088	0.317409	0.347089	0.356163	0.357478	0.359847	0.355203	0.230731	0.239499	0.351679	0.350154	0.356033	0.342814	0.352923	0.356505	0.347902	0.354718	0.238257	0.240873	0.235929	0.230556	0.234629	0.237157	0.244363	0.230412	0.234362	0.234599	0.232846	0.242341	0.233578	0.238574	0.237998	0.244902	0.231036	0.243217	0.240666	0.000000	
