0.000000	0.198825	0.201587	0.250198	0.219183	0.238215	0.244277	0.241608	0.229869	0.217955	0.209604	0.202275	0.208732	0.249880	0.247642	0.241379	0.243164	0.232666	0.194469	0.200023	0.217972	0.206183	0.205218	0.208473	0.210005	0.222054	0.191261	0.246188	0.223390	0.207199	0.209931	0.230628	0.205297	0.227174	0.205251	
0.198825	0.000000	0.188940	0.241757	0.212280	0.230350	0.238554	0.242541	0.221962	0.217133	0.202874	0.194958	0.205598	0.240758	0.242342	0.250000	0.238746	0.233097	0.197408	0.203012	0.217813	0.198537	0.200220	0.206579	0.202156	0.215382	0.197431	0.243345	0.217602	0.188755	0.210255	0.225934	0.202071	0.225562	0.202550	
0.201587	0.188940	0.000000	0.244804	0.217098	0.232309	0.238472	0.241326	0.224545	0.215729	0.199458	0.197020	0.209142	0.246402	0.243682	0.173077	0.237608	0.233357	0.203433	0.204425	0.222055	0.207986	0.204773	0.207015	0.182531	0.225873	0.207368	0.238291	0.219702	0.225962	0.207260	0.229346	0.209190	0.229677	0.202416	
0.250198	0.241757	0.244804	0.000000	0.250135	0.214857	0.206233	0.222714	0.264194	0.256205	0.242403	0.228697	0.253070	0.260727	0.233833	0.283186	0.217574	0.266587	0.246110	0.246445	0.250219	0.252093	0.241582	0.256575	0.249665	0.263479	0.240352	0.225309	0.259682	0.264822	0.254930	0.264510	0.252549	0.270179	0.248843	
0.219183	0.212280	0.217098	0.250135	0.000000	0.242729	0.248004	0.250588	0.228093	0.226432	0.217473	0.217930	0.222911	0.246246	0.258598	0.191667	0.245375	0.230040	0.208113	0.221288	0.195695	0.219573	0.223034	0.224963	0.221914	0.231471	0.216667	0.249764	0.227377	0.213404	0.226445	0.223381	0.224390	0.231256	0.224127	
0.238215	0.230350	0.232309	0.214857	0.242729	0.000000	0.214115	0.197891	0.257619	0.252758	0.217447	0.202107	0.245352	0.251044	0.201392	0.263158	0.198502	0.264280	0.231583	0.230211	0.243746	0.237199	0.235070	0.242695	0.231788	0.253665	0.223110	0.196056	0.253855	0.251553	0.243170	0.249943	0.246792	0.258560	0.238515	
0.244277	0.238554	0.238472	0.206233	0.248004	0.214115	0.000000	0.219041	0.260134	0.252066	0.232937	0.218932	0.244528	0.255792	0.226351	0.232558	0.210884	0.263811	0.241405	0.240951	0.243921	0.241352	0.240552	0.250710	0.257130	0.260207	0.224761	0.218112	0.253237	0.257812	0.250504	0.259894	0.243473	0.264848	0.245954	
0.241608	0.242541	0.241326	0.222714	0.250588	0.197891	0.219041	0.000000	0.261305	0.254942	0.239545	0.240136	0.249179	0.258256	0.212034	0.325581	0.199457	0.259993	0.248932	0.243258	0.245395	0.247684	0.243707	0.249042	0.245115	0.259952	0.243206	0.205288	0.260992	0.282659	0.251511	0.256510	0.248569	0.262514	0.246572	
0.229869	0.221962	0.224545	0.264194	0.228093	0.257619	0.260134	0.261305	0.000000	0.202563	0.213725	0.222852	0.225065	0.246734	0.268538	0.312000	0.258019	0.226875	0.225741	0.224630	0.231710	0.225881	0.225976	0.235248	0.231626	0.210551	0.220190	0.260312	0.202692	0.216157	0.231334	0.220758	0.228470	0.215340	0.229922	
0.217955	0.217133	0.215729	0.256205	0.226432	0.252758	0.252066	0.254942	0.202563	0.000000	0.219163	0.225303	0.217794	0.242916	0.256970	0.239583	0.252680	0.218533	0.217333	0.216209	0.219124	0.214389	0.215408	0.220904	0.215334	0.209757	0.223910	0.253537	0.203401	0.208615	0.222621	0.212519	0.221319	0.209496	0.219351	
0.209604	0.202874	0.199458	0.242403	0.217473	0.217447	0.232937	0.239545	0.213725	0.219163	0.000000	0.181985	0.200138	0.241186	0.245249	0.246575	0.235294	0.234145	0.205538	0.202967	0.226577	0.201795	0.211177	0.204059	0.197324	0.214104	0.204665	0.233364	0.221218	0.220624	0.195916	0.233028	0.205760	0.215972	0.212446	
0.202275	0.194958	0.197020	0.228697	0.217930	0.202107	0.218932	0.240136	0.222852	0.225303	0.181985	0.000000	0.197691	0.229584	0.229127	0.180328	0.243902	0.229691	0.192063	0.202286	0.223325	0.196060	0.205954	0.205896	0.187368	0.219559	0.177196	0.221500	0.217742	0.253788	0.202252	0.227407	0.199906	0.218949	0.206881	
0.208732	0.205598	0.209142	0.253070	0.222911	0.245352	0.244528	0.249179	0.225065	0.217794	0.200138	0.197691	0.000000	0.249027	0.256540	0.184874	0.243731	0.235892	0.201772	0.206035	0.223818	0.210325	0.205445	0.215275	0.219501	0.233447	0.190281	0.250350	0.230149	0.211443	0.210589	0.230072	0.206400	0.232246	0.211140	
0.249880	0.240758	0.246402	0.260727	0.246246	0.251044	0.255792	0.258256	0.246734	0.242916	0.241186	0.229584	0.249027	0.000000	0.264322	0.185567	0.255647	0.245937	0.246360	0.245929	0.243735	0.251476	0.249782	0.256631	0.260209	0.248597	0.238883	0.256129	0.245237	0.237569	0.252383	0.239831	0.249096	0.250429	0.250738	
0.247642	0.242342	0.243682	0.233833	0.258598	0.201392	0.226351	0.212034	0.268538	0.256970	0.245249	0.229127	0.256540	0.264322	0.000000	0.320611	0.209612	0.271644	0.259390	0.251431	0.257237	0.251813	0.244721	0.261882	0.261002	0.267814	0.239724	0.208726	0.260831	0.288148	0.259427	0.263003	0.256944	0.274999	0.254648	
0.241379	0.250000	0.173077	0.283186	0.191667	0.263158	0.232558	0.325581	0.312000	0.239583	0.246575	0.180328	0.184874	0.185567	0.320611	0.000000	0.243697	0.265625	0.159574	0.184211	0.176471	0.185484	0.258333	0.213235	0.206897	0.256198	0.214286	0.229167	0.221239	0.275862	0.236220	0.243243	0.234375	0.256410	0.258065	
0.243164	0.238746	0.237608	0.217574	0.245375	0.198502	0.210884	0.199457	0.258019	0.252680	0.235294	0.243902	0.243731	0.255647	0.209612	0.243697	0.000000	0.262344	0.238632	0.240959	0.245963	0.247715	0.235308	0.245158	0.241192	0.254660	0.237691	0.197134	0.254283	0.270125	0.248651	0.254974	0.243107	0.261184	0.245516	
0.232666	0.233097	0.233357	0.266587	0.230040	0.264280	0.263811	0.259993	0.226875	0.218533	0.234145	0.229691	0.235892	0.245937	0.271644	0.265625	0.262344	0.000000	0.234866	0.235344	0.228708	0.235179	0.236105	0.237368	0.230116	0.226406	0.247782	0.263572	0.216934	0.238169	0.241887	0.206856	0.237006	0.229372	0.237797	
0.194469	0.197408	0.203433	0.246110	0.208113	0.231583	0.241405	0.248932	0.225741	0.217333	0.205538	0.192063	0.201772	0.246360	0.259390	0.159574	0.238632	0.234866	0.000000	0.198893	0.215807	0.203474	0.199028	0.212781	0.208238	0.228515	0.204229	0.247734	0.220403	0.254181	0.212188	0.233094	0.199532	0.231758	0.197762	
0.200023	0.203012	0.204425	0.246445	0.221288	0.230211	0.240951	0.243258	0.224630	0.216209	0.202967	0.202286	0.206035	0.245929	0.251431	0.184211	0.240959	0.235344	0.198893	0.000000	0.221346	0.202280	0.205550	0.210740	0.211594	0.224205	0.203315	0.246427	0.221168	0.209542	0.208314	0.230676	0.212210	0.228811	0.205198	
0.217972	0.217813	0.222055	0.250219	0.195695	0.243746	0.243921	0.245395	0.231710	0.219124	0.226577	0.223325	0.223818	0.243735	0.257237	0.176471	0.245963	0.228708	0.215807	0.221346	0.000000	0.222202	0.220066	0.228297	0.216977	0.232516	0.220784	0.252164	0.224537	0.196634	0.226908	0.227948	0.224495	0.232561	0.220349	
0.206183	0.198537	0.207986	0.252093	0.219573	0.237199	0.241352	0.247684	0.225881	0.214389	0.201795	0.196060	0.210325	0.251476	0.251813	0.185484	0.247715	0.235179	0.203474	0.202280	0.222202	0.000000	0.205444	0.204684	0.211026	0.225036	0.184567	0.245567	0.223173	0.224315	0.209039	0.230469	0.208035	0.227727	0.206171	
0.205218	0.200220	0.204773	0.241582	0.223034	0.235070	0.240552	0.243707	0.225976	0.215408	0.211177	0.205954	0.205445	0.249782	0.244721	0.258333	0.235308	0.236105	0.199028	0.205550	0.220066	0.205444	0.000000	0.210553	0.203472	0.223553	0.196435	0.243639	0.221686	0.221934	0.208519	0.232714	0.206082	0.231770	0.205421	
0.208473	0.206579	0.207015	0.256575	0.224963	0.242695	0.250710	0.249042	0.235248	0.220904	0.204059	0.205896	0.215275	0.256631	0.261882	0.213235	0.245158	0.237368	0.212781	0.210740	0.228297	0.204684	0.210553	0.000000	0.204830	0.233042	0.212745	0.251105	0.226281	0.233471	0.219479	0.231236	0.212057	0.238383	0.212112	
0.210005	0.202156	0.182531	0.249665	0.221914	0.231788	0.257130	0.245115	0.231626	0.215334	0.197324	0.187368	0.219501	0.260209	0.261002	0.206897	0.241192	0.230116	0.208238	0.211594	0.216977	0.211026	0.203472	0.204830	0.000000	0.212938	0.211382	0.254683	0.219378	0.272251	0.212747	0.241240	0.207219	0.232507	0.210036	
0.222054	0.215382	0.225873	0.263479	0.231471	0.253665	0.260207	0.259952	0.210551	0.209757	0.214104	0.219559	0.233447	0.248597	0.267814	0.256198	0.254660	0.226406	0.228515	0.224205	0.232516	0.225036	0.223553	0.233042	0.212938	0.000000	0.228505	0.257139	0.204763	0.203092	0.235622	0.221514	0.224792	0.218668	0.227423	
0.191261	0.197431	0.207368	0.240352	0.216667	0.223110	0.224761	0.243206	0.220190	0.223910	0.204665	0.177196	0.190281	0.238883	0.239724	0.214286	0.237691	0.247782	0.204229	0.203315	0.220784	0.184567	0.196435	0.212745	0.211382	0.228505	0.000000	0.231884	0.230206	0.252280	0.204028	0.224008	0.209733	0.231720	0.207703	
0.246188	0.243345	0.238291	0.225309	0.249764	0.196056	0.218112	0.205288	0.260312	0.253537	0.233364	0.221500	0.250350	0.256129	0.208726	0.229167	0.197134	0.263572	0.247734	0.246427	0.252164	0.245567	0.243639	0.251105	0.254683	0.257139	0.231884	0.000000	0.253796	0.257384	0.248694	0.258843	0.250719	0.262844	0.246727	
0.223390	0.217602	0.219702	0.259682	0.227377	0.253855	0.253237	0.260992	0.202692	0.203401	0.221218	0.217742	0.230149	0.245237	0.260831	0.221239	0.254283	0.216934	0.220403	0.221168	0.224537	0.223173	0.221686	0.226281	0.219378	0.204763	0.230206	0.253796	0.000000	0.204947	0.226413	0.216468	0.223168	0.210756	0.228962	
0.207199	0.188755	0.225962	0.264822	0.213404	0.251553	0.257812	0.282659	0.216157	0.208615	0.220624	0.253788	0.211443	0.237569	0.288148	0.275862	0.270125	0.238169	0.254181	0.209542	0.196634	0.224315	0.221934	0.233471	0.272251	0.203092	0.252280	0.257384	0.204947	0.000000	0.236879	0.205357	0.239113	0.225735	0.208718	
0.209931	0.210255	0.207260	0.254930	0.226445	0.243170	0.250504	0.251511	0.231334	0.222621	0.195916	0.202252	0.210589	0.252383	0.259427	0.236220	0.248651	0.241887	0.212188	0.208314	0.226908	0.209039	0.208519	0.219479	0.212747	0.235622	0.204028	0.248694	0.226413	0.236879	0.000000	0.235330	0.215600	0.236976	0.209439	
0.230628	0.225934	0.229346	0.264510	0.223381	0.249943	0.259894	0.256510	0.220758	0.212519	0.233028	0.227407	0.230072	0.239831	0.263003	0.243243	0.254974	0.206856	0.233094	0.230676	0.227948	0.230469	0.232714	0.231236	0.241240	0.221514	0.224008	0.258843	0.216468	0.205357	0.235330	0.000000	0.230477	0.224263	0.229979	
0.205297	0.202071	0.209190	0.252549	0.224390	0.246792	0.243473	0.248569	0.228470	0.221319	0.205760	0.199906	0.206400	0.249096	0.256944	0.234375	0.243107	0.237006	0.199532	0.212210	0.224495	0.208035	0.206082	0.212057	0.207219	0.224792	0.209733	0.250719	0.223168	0.239113	0.215600	0.230477	0.000000	0.231143	0.206226	
0.227174	0.225562	0.229677	0.270179	0.231256	0.258560	0.264848	0.262514	0.215340	0.209496	0.215972	0.218949	0.232246	0.250429	0.274999	0.256410	0.261184	0.229372	0.231758	0.228811	0.232561	0.227727	0.231770	0.238383	0.232507	0.218668	0.231720	0.262844	0.210756	0.225735	0.236976	0.224263	0.231143	0.000000	0.231062	
0.205251	0.202550	0.202416	0.248843	0.224127	0.238515	0.245954	0.246572	0.229922	0.219351	0.212446	0.206881	0.211140	0.250738	0.254648	0.258065	0.245516	0.237797	0.197762	0.205198	0.220349	0.206171	0.205421	0.212112	0.210036	0.227423	0.207703	0.246727	0.228962	0.208718	0.209439	0.229979	0.206226	0.231062	0.000000	
