0.000000	0.298357	0.298635	0.295296	0.291278	0.298532	0.293627	0.294222	0.288813	0.253796	0.289114	0.282690	0.304103	0.294424	0.297395	0.289883	0.311900	0.311008	0.303489	0.309006	0.304087	0.296582	0.306923	0.309054	0.302075	0.314360	0.296460	0.297509	0.290962	0.300347	0.291498	0.292088	0.299350	0.294532	0.303446	0.302398	0.294811	0.299612	0.289042	0.291234	0.300401	0.291953	0.304818	0.295056	0.284245	0.263551	0.279051	
0.298357	0.000000	0.287181	0.287351	0.293580	0.298552	0.249653	0.281826	0.289359	0.295952	0.287711	0.295480	0.302165	0.302110	0.310162	0.293587	0.322826	0.316055	0.314813	0.311788	0.314677	0.299965	0.317550	0.323505	0.309882	0.326116	0.315258	0.313535	0.302486	0.306745	0.309515	0.300546	0.309043	0.310717	0.315424	0.303942	0.300622	0.307901	0.301126	0.298327	0.306519	0.302479	0.303005	0.303720	0.289718	0.298476	0.306726	
0.298635	0.287181	0.000000	0.282885	0.274949	0.295809	0.280134	0.283470	0.282806	0.305699	0.293312	0.294744	0.305295	0.295066	0.301320	0.301564	0.324484	0.315224	0.318816	0.311301	0.309991	0.297532	0.312491	0.314844	0.307397	0.316245	0.309244	0.306950	0.303828	0.305392	0.301976	0.295185	0.307672	0.301000	0.310302	0.305905	0.299676	0.302850	0.294343	0.306648	0.305002	0.303148	0.302637	0.299849	0.290009	0.298838	0.304352	
0.295296	0.287351	0.282885	0.000000	0.281863	0.295200	0.275987	0.273366	0.280516	0.299941	0.292089	0.294848	0.298338	0.302092	0.295987	0.287869	0.315290	0.309543	0.307868	0.305378	0.306515	0.302867	0.302510	0.321086	0.307291	0.314306	0.300826	0.304867	0.297489	0.306626	0.300239	0.289088	0.307924	0.302009	0.308055	0.301328	0.298991	0.301293	0.291729	0.298381	0.301129	0.295934	0.295706	0.293408	0.295589	0.293111	0.299560	
0.291278	0.293580	0.274949	0.281863	0.000000	0.292570	0.289034	0.277356	0.286688	0.298521	0.293101	0.290868	0.300235	0.303138	0.298261	0.296328	0.317764	0.310738	0.309512	0.309101	0.303326	0.300045	0.308690	0.316396	0.302926	0.315493	0.303409	0.309657	0.293310	0.298473	0.299153	0.288628	0.306280	0.306022	0.306345	0.306540	0.303051	0.305526	0.294849	0.292289	0.302224	0.293032	0.299901	0.293224	0.288069	0.290209	0.299916	
0.298532	0.298552	0.295809	0.295200	0.292570	0.000000	0.289519	0.293795	0.291837	0.298791	0.286189	0.289874	0.299789	0.292250	0.290524	0.292687	0.313757	0.310940	0.303463	0.306842	0.300317	0.288948	0.306355	0.312732	0.303597	0.314563	0.300014	0.299310	0.295564	0.295160	0.308649	0.278463	0.303292	0.299605	0.309404	0.302982	0.307136	0.294306	0.290940	0.301929	0.286191	0.289791	0.287747	0.290881	0.285025	0.291740	0.295445	
0.293627	0.249653	0.280134	0.275987	0.289034	0.289519	0.000000	0.275158	0.285619	0.303004	0.290120	0.302444	0.301400	0.299410	0.294522	0.292252	0.322340	0.318072	0.314469	0.312186	0.312093	0.298716	0.319884	0.320559	0.303215	0.322653	0.302918	0.302892	0.299909	0.306273	0.304658	0.287496	0.305702	0.295096	0.306429	0.291674	0.299721	0.297344	0.295830	0.303828	0.303411	0.291993	0.297859	0.293994	0.286519	0.297276	0.299798	
0.294222	0.281826	0.283470	0.273366	0.277356	0.293795	0.275158	0.000000	0.280582	0.300499	0.291906	0.294420	0.299928	0.299831	0.299610	0.293164	0.317994	0.309816	0.304767	0.316765	0.302966	0.292969	0.308983	0.308817	0.306554	0.318281	0.303244	0.304532	0.302231	0.301859	0.299724	0.291695	0.304414	0.300750	0.307103	0.309382	0.298435	0.299555	0.296229	0.298814	0.303185	0.293094	0.302001	0.296260	0.291145	0.294438	0.292705	
0.288813	0.289359	0.282806	0.280516	0.286688	0.291837	0.285619	0.280582	0.000000	0.294780	0.288628	0.291173	0.296346	0.303747	0.301106	0.289692	0.316755	0.306524	0.306009	0.308942	0.308253	0.296080	0.311130	0.313167	0.305914	0.307900	0.300679	0.299036	0.298085	0.300614	0.303561	0.289550	0.305827	0.298541	0.308988	0.300041	0.296872	0.300508	0.295203	0.298014	0.302610	0.298076	0.299877	0.289068	0.289549	0.292607	0.298059	
0.253796	0.295952	0.305699	0.299941	0.298521	0.298791	0.303004	0.300499	0.294780	0.000000	0.291371	0.279309	0.302157	0.299972	0.303223	0.293047	0.311935	0.305466	0.310678	0.305626	0.301072	0.300905	0.303797	0.306827	0.303358	0.307853	0.301119	0.299353	0.296206	0.305914	0.304721	0.295222	0.297400	0.301937	0.308094	0.305097	0.296307	0.312367	0.297157	0.294150	0.307013	0.302562	0.306751	0.298279	0.295512	0.269028	0.284142	
0.289114	0.287711	0.293312	0.292089	0.293101	0.286189	0.290120	0.291906	0.288628	0.291371	0.000000	0.294891	0.307571	0.298215	0.298478	0.291448	0.322332	0.313122	0.307380	0.311829	0.310393	0.292702	0.310932	0.321055	0.308877	0.316329	0.303388	0.307745	0.305074	0.299787	0.297275	0.298332	0.299278	0.302016	0.309767	0.309373	0.300169	0.301445	0.294372	0.299207	0.297235	0.295739	0.297153	0.293239	0.276991	0.293113	0.294202	
0.282690	0.295480	0.294744	0.294848	0.290868	0.289874	0.302444	0.294420	0.291173	0.279309	0.294891	0.000000	0.304179	0.286934	0.302326	0.299531	0.317051	0.310695	0.309064	0.306336	0.305274	0.294221	0.309602	0.313544	0.306429	0.307315	0.306192	0.307745	0.306405	0.302583	0.303786	0.291569	0.303973	0.306225	0.306660	0.303131	0.298344	0.297608	0.292944	0.291945	0.301633	0.290636	0.307336	0.300206	0.283372	0.290507	0.271298	
0.304103	0.302165	0.305295	0.298338	0.300235	0.299789	0.301400	0.299928	0.296346	0.302157	0.307571	0.304179	0.000000	0.307129	0.228984	0.276994	0.316446	0.317520	0.314599	0.309162	0.308680	0.298328	0.308227	0.312051	0.307488	0.317826	0.307278	0.308678	0.304163	0.302351	0.311550	0.290902	0.311388	0.307822	0.319820	0.308466	0.309356	0.304223	0.282015	0.300999	0.282282	0.293356	0.300852	0.289196	0.296482	0.298562	0.306501	
0.294424	0.302110	0.295066	0.302092	0.303138	0.292250	0.299410	0.299831	0.303747	0.299972	0.298215	0.286934	0.307129	0.000000	0.303481	0.300724	0.317164	0.310299	0.311019	0.311013	0.310613	0.259735	0.312852	0.315395	0.303872	0.314151	0.302175	0.308375	0.305116	0.286376	0.301082	0.300936	0.302426	0.304211	0.304416	0.309219	0.303921	0.280121	0.299253	0.303646	0.299243	0.284872	0.308330	0.302687	0.283900	0.294589	0.300638	
0.297395	0.310162	0.301320	0.295987	0.298261	0.290524	0.294522	0.299610	0.301106	0.303223	0.298478	0.302326	0.228984	0.303481	0.000000	0.280360	0.318572	0.315034	0.311160	0.306244	0.304452	0.299658	0.306469	0.316630	0.305025	0.318306	0.301690	0.303370	0.293404	0.305572	0.301767	0.290589	0.309348	0.302167	0.309165	0.303423	0.304989	0.303287	0.270590	0.306045	0.290790	0.288790	0.296422	0.286985	0.289436	0.300678	0.305616	
0.289883	0.293587	0.301564	0.287869	0.296328	0.292687	0.292252	0.293164	0.289692	0.293047	0.291448	0.299531	0.276994	0.300724	0.280360	0.000000	0.311991	0.307827	0.306566	0.305734	0.306898	0.297552	0.309945	0.311938	0.303598	0.315192	0.302539	0.303259	0.295758	0.300485	0.302012	0.284564	0.303281	0.299197	0.314736	0.302576	0.301411	0.296878	0.281965	0.291603	0.295200	0.301159	0.290140	0.292653	0.296007	0.291695	0.298629	
0.311900	0.322826	0.324484	0.315290	0.317764	0.313757	0.322340	0.317994	0.316755	0.311935	0.322332	0.317051	0.316446	0.317164	0.318572	0.311991	0.000000	0.225096	0.305846	0.285082	0.295232	0.315370	0.302158	0.291004	0.295107	0.298643	0.307678	0.306349	0.299158	0.313239	0.315449	0.308978	0.312816	0.313298	0.304314	0.322345	0.319553	0.326728	0.316776	0.310100	0.320527	0.317185	0.319761	0.313533	0.320876	0.312084	0.321472	
0.311008	0.316055	0.315224	0.309543	0.310738	0.310940	0.318072	0.309816	0.306524	0.305466	0.313122	0.310695	0.317520	0.310299	0.315034	0.307827	0.225096	0.000000	0.304501	0.291417	0.289205	0.311014	0.303888	0.292149	0.295667	0.298561	0.311623	0.308237	0.300772	0.306087	0.307919	0.308899	0.305682	0.309328	0.304061	0.309620	0.314369	0.321245	0.313923	0.308499	0.320669	0.311251	0.314290	0.308603	0.312485	0.307614	0.311309	
0.303489	0.314813	0.318816	0.307868	0.309512	0.303463	0.314469	0.304767	0.306009	0.310678	0.307380	0.309064	0.314599	0.311019	0.311160	0.306566	0.305846	0.304501	0.000000	0.295914	0.302586	0.309075	0.305680	0.298577	0.300579	0.303060	0.306288	0.301914	0.307755	0.314196	0.309355	0.304244	0.306277	0.315000	0.309184	0.310122	0.311514	0.321939	0.308865	0.307210	0.308844	0.313668	0.309714	0.304368	0.307615	0.310067	0.315532	
0.309006	0.311788	0.311301	0.305378	0.309101	0.306842	0.312186	0.316765	0.308942	0.305626	0.311829	0.306336	0.309162	0.311013	0.306244	0.305734	0.285082	0.291417	0.295914	0.000000	0.296196	0.307087	0.287999	0.299737	0.291126	0.293917	0.309669	0.307871	0.296477	0.308651	0.304635	0.307307	0.305274	0.305988	0.303383	0.305476	0.307839	0.316964	0.308819	0.304668	0.309943	0.309213	0.307696	0.305423	0.315014	0.307804	0.313324	
0.304087	0.314677	0.309991	0.306515	0.303326	0.300317	0.312093	0.302966	0.308253	0.301072	0.310393	0.305274	0.308680	0.310613	0.304452	0.306898	0.295232	0.289205	0.302586	0.296196	0.000000	0.303419	0.297176	0.292447	0.298451	0.295252	0.305019	0.300973	0.297947	0.307288	0.304764	0.298511	0.306944	0.308485	0.301410	0.307305	0.308136	0.313013	0.311373	0.305937	0.310726	0.310152	0.304308	0.306743	0.302788	0.308146	0.311538	
0.296582	0.299965	0.297532	0.302867	0.300045	0.288948	0.298716	0.292969	0.296080	0.300905	0.292702	0.294221	0.298328	0.259735	0.299658	0.297552	0.315370	0.311014	0.309075	0.307087	0.303419	0.000000	0.312854	0.310289	0.305802	0.314026	0.308009	0.304395	0.299373	0.290451	0.303119	0.298008	0.304323	0.305919	0.309309	0.310374	0.302739	0.282324	0.302128	0.299599	0.306687	0.287517	0.304592	0.305540	0.294696	0.298017	0.296910	
0.306923	0.317550	0.312491	0.302510	0.308690	0.306355	0.319884	0.308983	0.311130	0.303797	0.310932	0.309602	0.308227	0.312852	0.306469	0.309945	0.302158	0.303888	0.305680	0.287999	0.297176	0.312854	0.000000	0.300469	0.297611	0.292617	0.308933	0.309169	0.312223	0.305052	0.311882	0.307064	0.309508	0.313955	0.302482	0.311911	0.311723	0.311935	0.309698	0.308586	0.306080	0.303965	0.303536	0.303481	0.310798	0.309383	0.312832	
0.309054	0.323505	0.314844	0.321086	0.316396	0.312732	0.320559	0.308817	0.313167	0.306827	0.321055	0.313544	0.312051	0.315395	0.316630	0.311938	0.291004	0.292149	0.298577	0.299737	0.292447	0.310289	0.300469	0.000000	0.293296	0.291786	0.318449	0.311500	0.308312	0.312872	0.309963	0.311155	0.314484	0.311366	0.308135	0.309161	0.313165	0.320667	0.311958	0.310541	0.318283	0.316910	0.318113	0.305505	0.316714	0.316139	0.314516	
0.302075	0.309882	0.307397	0.307291	0.302926	0.303597	0.303215	0.306554	0.305914	0.303358	0.308877	0.306429	0.307488	0.303872	0.305025	0.303598	0.295107	0.295667	0.300579	0.291126	0.298451	0.305802	0.297611	0.293296	0.000000	0.289925	0.308269	0.299938	0.300805	0.302413	0.307325	0.300737	0.304474	0.302459	0.300786	0.309948	0.306185	0.310066	0.301346	0.305464	0.309453	0.304976	0.307517	0.303899	0.300602	0.306233	0.306708	
0.314360	0.326116	0.316245	0.314306	0.315493	0.314563	0.322653	0.318281	0.307900	0.307853	0.316329	0.307315	0.317826	0.314151	0.318306	0.315192	0.298643	0.298561	0.303060	0.293917	0.295252	0.314026	0.292617	0.291786	0.289925	0.000000	0.316628	0.307559	0.314920	0.314954	0.310146	0.311733	0.314119	0.311673	0.306832	0.308669	0.321615	0.318920	0.312509	0.316557	0.314498	0.314818	0.320285	0.305572	0.318961	0.317737	0.315122	
0.296460	0.315258	0.309244	0.300826	0.303409	0.300014	0.302918	0.303244	0.300679	0.301119	0.303388	0.306192	0.307278	0.302175	0.301690	0.302539	0.307678	0.311623	0.306288	0.309669	0.305019	0.308009	0.308933	0.318449	0.308269	0.316628	0.000000	0.238197	0.283504	0.302988	0.297686	0.296470	0.285216	0.295775	0.306660	0.307440	0.302405	0.310172	0.298274	0.294961	0.306152	0.300678	0.305902	0.303986	0.300851	0.301674	0.301440	
0.297509	0.313535	0.306950	0.304867	0.309657	0.299310	0.302892	0.304532	0.299036	0.299353	0.307745	0.307745	0.308678	0.308375	0.303370	0.303259	0.306349	0.308237	0.301914	0.307871	0.300973	0.304395	0.309169	0.311500	0.299938	0.307559	0.238197	0.000000	0.288654	0.294980	0.301756	0.299240	0.275965	0.300111	0.306806	0.302699	0.299976	0.307978	0.300475	0.294507	0.307663	0.300546	0.307065	0.305046	0.305938	0.302702	0.298549	
0.290962	0.302486	0.303828	0.297489	0.293310	0.295564	0.299909	0.302231	0.298085	0.296206	0.305074	0.306405	0.304163	0.305116	0.293404	0.295758	0.299158	0.300772	0.307755	0.296477	0.297947	0.299373	0.312223	0.308312	0.300805	0.314920	0.283504	0.288654	0.000000	0.303973	0.290743	0.301112	0.291373	0.295051	0.295975	0.293563	0.302896	0.308831	0.295170	0.294726	0.298408	0.301141	0.301199	0.296575	0.302105	0.298679	0.297000	
0.300347	0.306745	0.305392	0.306626	0.298473	0.295160	0.306273	0.301859	0.300614	0.305914	0.299787	0.302583	0.302351	0.286376	0.305572	0.300485	0.313239	0.306087	0.314196	0.308651	0.307288	0.290451	0.305052	0.312872	0.302413	0.314954	0.302988	0.294980	0.303973	0.000000	0.303290	0.300191	0.303654	0.305369	0.307139	0.305820	0.309515	0.192087	0.296733	0.304046	0.301634	0.290360	0.303708	0.297250	0.301739	0.304572	0.303479	
0.291498	0.309515	0.301976	0.300239	0.299153	0.308649	0.304658	0.299724	0.303561	0.304721	0.297275	0.303786	0.311550	0.301082	0.301767	0.302012	0.315449	0.307919	0.309355	0.304635	0.304764	0.303119	0.311882	0.309963	0.307325	0.310146	0.297686	0.301756	0.290743	0.303290	0.000000	0.297468	0.301343	0.295522	0.298973	0.299973	0.302428	0.305201	0.298146	0.295388	0.310584	0.302468	0.304498	0.295527	0.297839	0.301431	0.302174	
0.292088	0.300546	0.295185	0.289088	0.288628	0.278463	0.287496	0.291695	0.289550	0.295222	0.298332	0.291569	0.290902	0.300936	0.290589	0.284564	0.308978	0.308899	0.304244	0.307307	0.298511	0.298008	0.307064	0.311155	0.300737	0.311733	0.296470	0.299240	0.301112	0.300191	0.297468	0.000000	0.303508	0.299722	0.305377	0.301392	0.297404	0.300882	0.293194	0.300213	0.293771	0.294787	0.299623	0.289660	0.292422	0.299779	0.296218	
0.299350	0.309043	0.307672	0.307924	0.306280	0.303292	0.305702	0.304414	0.305827	0.297400	0.299278	0.303973	0.311388	0.302426	0.309348	0.303281	0.312816	0.305682	0.306277	0.305274	0.306944	0.304323	0.309508	0.314484	0.304474	0.314119	0.285216	0.275965	0.291373	0.303654	0.301343	0.303508	0.000000	0.296695	0.305888	0.306032	0.295852	0.305679	0.306840	0.294544	0.301333	0.308332	0.306818	0.306500	0.306320	0.305670	0.301655	
0.294532	0.310717	0.301000	0.302009	0.306022	0.299605	0.295096	0.300750	0.298541	0.301937	0.302016	0.306225	0.307822	0.304211	0.302167	0.299197	0.313298	0.309328	0.315000	0.305988	0.308485	0.305919	0.313955	0.311366	0.302459	0.311673	0.295775	0.300111	0.295051	0.305369	0.295522	0.299722	0.296695	0.000000	0.286017	0.301518	0.294497	0.304414	0.305654	0.293347	0.303127	0.296992	0.305882	0.301469	0.307638	0.301141	0.302835	
0.303446	0.315424	0.310302	0.308055	0.306345	0.309404	0.306429	0.307103	0.308988	0.308094	0.309767	0.306660	0.319820	0.304416	0.309165	0.314736	0.304314	0.304061	0.309184	0.303383	0.301410	0.309309	0.302482	0.308135	0.300786	0.306832	0.306660	0.306806	0.295975	0.307139	0.298973	0.305377	0.305888	0.286017	0.000000	0.309766	0.301779	0.311784	0.306738	0.303938	0.315970	0.301783	0.317851	0.312139	0.305642	0.307032	0.301535	
0.302398	0.303942	0.305905	0.301328	0.306540	0.302982	0.291674	0.309382	0.300041	0.305097	0.309373	0.303131	0.308466	0.309219	0.303423	0.302576	0.322345	0.309620	0.310122	0.305476	0.307305	0.310374	0.311911	0.309161	0.309948	0.308669	0.307440	0.302699	0.293563	0.305820	0.299973	0.301392	0.306032	0.301518	0.309766	0.000000	0.304710	0.307837	0.303959	0.305810	0.308314	0.305314	0.310563	0.300257	0.302789	0.304931	0.302267	
0.294811	0.300622	0.299676	0.298991	0.303051	0.307136	0.299721	0.298435	0.296872	0.296307	0.300169	0.298344	0.309356	0.303921	0.304989	0.301411	0.319553	0.314369	0.311514	0.307839	0.308136	0.302739	0.311723	0.313165	0.306185	0.321615	0.302405	0.299976	0.302896	0.309515	0.302428	0.297404	0.295852	0.294497	0.301779	0.304710	0.000000	0.310026	0.301784	0.296037	0.308620	0.299893	0.309902	0.302843	0.294049	0.295715	0.294973	
0.299612	0.307901	0.302850	0.301293	0.305526	0.294306	0.297344	0.299555	0.300508	0.312367	0.301445	0.297608	0.304223	0.280121	0.303287	0.296878	0.326728	0.321245	0.321939	0.316964	0.313013	0.282324	0.311935	0.320667	0.310066	0.318920	0.310172	0.307978	0.308831	0.192087	0.305201	0.300882	0.305679	0.304414	0.311784	0.307837	0.310026	0.000000	0.294618	0.310346	0.304093	0.283141	0.301471	0.298875	0.303304	0.306974	0.305849	
0.289042	0.301126	0.294343	0.291729	0.294849	0.290940	0.295830	0.296229	0.295203	0.297157	0.294372	0.292944	0.282015	0.299253	0.270590	0.281965	0.316776	0.313923	0.308865	0.308819	0.311373	0.302128	0.309698	0.311958	0.301346	0.312509	0.298274	0.300475	0.295170	0.296733	0.298146	0.293194	0.306840	0.305654	0.306738	0.303959	0.301784	0.294618	0.000000	0.292485	0.276487	0.296677	0.288149	0.269986	0.294924	0.297211	0.301000	
0.291234	0.298327	0.306648	0.298381	0.292289	0.301929	0.303828	0.298814	0.298014	0.294150	0.299207	0.291945	0.300999	0.303646	0.306045	0.291603	0.310100	0.308499	0.307210	0.304668	0.305937	0.299599	0.308586	0.310541	0.305464	0.316557	0.294961	0.294507	0.294726	0.304046	0.295388	0.300213	0.294544	0.293347	0.303938	0.305810	0.296037	0.310346	0.292485	0.000000	0.300944	0.298080	0.301751	0.298054	0.298239	0.298332	0.295701	
0.300401	0.306519	0.305002	0.301129	0.302224	0.286191	0.303411	0.303185	0.302610	0.307013	0.297235	0.301633	0.282282	0.299243	0.290790	0.295200	0.320527	0.320669	0.308844	0.309943	0.310726	0.306687	0.306080	0.318283	0.309453	0.314498	0.306152	0.307663	0.298408	0.301634	0.310584	0.293771	0.301333	0.303127	0.315970	0.308314	0.308620	0.304093	0.276487	0.300944	0.000000	0.299273	0.294496	0.284886	0.297241	0.303126	0.306174	
0.291953	0.302479	0.303148	0.295934	0.293032	0.289791	0.291993	0.293094	0.298076	0.302562	0.295739	0.290636	0.293356	0.284872	0.288790	0.301159	0.317185	0.311251	0.313668	0.309213	0.310152	0.287517	0.303965	0.316910	0.304976	0.314818	0.300678	0.300546	0.301141	0.290360	0.302468	0.294787	0.308332	0.296992	0.301783	0.305314	0.299893	0.283141	0.296677	0.298080	0.299273	0.000000	0.303635	0.300802	0.287476	0.291627	0.306610	
0.304818	0.303005	0.302637	0.295706	0.299901	0.287747	0.297859	0.302001	0.299877	0.306751	0.297153	0.307336	0.300852	0.308330	0.296422	0.290140	0.319761	0.314290	0.309714	0.307696	0.304308	0.304592	0.303536	0.318113	0.307517	0.320285	0.305902	0.307065	0.301199	0.303708	0.304498	0.299623	0.306818	0.305882	0.317851	0.310563	0.309902	0.301471	0.288149	0.301751	0.294496	0.303635	0.000000	0.291460	0.301167	0.302145	0.302165	
0.295056	0.303720	0.299849	0.293408	0.293224	0.290881	0.293994	0.296260	0.289068	0.298279	0.293239	0.300206	0.289196	0.302687	0.286985	0.292653	0.313533	0.308603	0.304368	0.305423	0.306743	0.305540	0.303481	0.305505	0.303899	0.305572	0.303986	0.305046	0.296575	0.297250	0.295527	0.289660	0.306500	0.301469	0.312139	0.300257	0.302843	0.298875	0.269986	0.298054	0.284886	0.300802	0.291460	0.000000	0.290601	0.296545	0.299517	
0.284245	0.289718	0.290009	0.295589	0.288069	0.285025	0.286519	0.291145	0.289549	0.295512	0.276991	0.283372	0.296482	0.283900	0.289436	0.296007	0.320876	0.312485	0.307615	0.315014	0.302788	0.294696	0.310798	0.316714	0.300602	0.318961	0.300851	0.305938	0.302105	0.301739	0.297839	0.292422	0.306320	0.307638	0.305642	0.302789	0.294049	0.303304	0.294924	0.298239	0.297241	0.287476	0.301167	0.290601	0.000000	0.292534	0.294409	
0.263551	0.298476	0.298838	0.293111	0.290209	0.291740	0.297276	0.294438	0.292607	0.269028	0.293113	0.290507	0.298562	0.294589	0.300678	0.291695	0.312084	0.307614	0.310067	0.307804	0.308146	0.298017	0.309383	0.316139	0.306233	0.317737	0.301674	0.302702	0.298679	0.304572	0.301431	0.299779	0.305670	0.301141	0.307032	0.304931	0.295715	0.306974	0.297211	0.298332	0.303126	0.291627	0.302145	0.296545	0.292534	0.000000	0.283592	
0.279051	0.306726	0.304352	0.299560	0.299916	0.295445	0.299798	0.292705	0.298059	0.284142	0.294202	0.271298	0.306501	0.300638	0.305616	0.298629	0.321472	0.311309	0.315532	0.313324	0.311538	0.296910	0.312832	0.314516	0.306708	0.315122	0.301440	0.298549	0.297000	0.303479	0.302174	0.296218	0.301655	0.302835	0.301535	0.302267	0.294973	0.305849	0.301000	0.295701	0.306174	0.306610	0.302165	0.299517	0.294409	0.283592	0.000000	
