0.000000	0.252152	0.249512	0.328890	0.276619	0.251798	0.250162	0.248645	0.248528	0.273117	0.251104	0.245291	0.254276	0.260247	0.251973	0.326628	0.247894	0.250774	0.249261	0.246624	0.269165	0.327346	
0.252152	0.000000	0.251313	0.330131	0.282742	0.254379	0.254842	0.252750	0.252212	0.253032	0.250938	0.250087	0.264249	0.255601	0.251604	0.325218	0.248736	0.250333	0.251501	0.249222	0.270470	0.325333	
0.249512	0.251313	0.000000	0.323134	0.307590	0.249690	0.249513	0.246918	0.249095	0.270565	0.249772	0.246535	0.321337	0.273931	0.247926	0.327089	0.250195	0.250114	0.249059	0.244268	0.270974	0.326915	
0.328890	0.330131	0.323134	0.000000	0.316782	0.327983	0.332205	0.328312	0.327014	0.315461	0.331739	0.328815	0.286607	0.301400	0.326723	0.235969	0.332476	0.331403	0.327957	0.329678	0.324717	0.232075	
0.276619	0.282742	0.307590	0.316782	0.000000	0.288218	0.274638	0.283696	0.251996	0.265460	0.256767	0.277251	0.253165	0.265580	0.288162	0.328861	0.284844	0.280646	0.269723	0.273054	0.289366	0.327821	
0.251798	0.254379	0.249690	0.327983	0.288218	0.000000	0.248998	0.243798	0.246952	0.273668	0.245914	0.249228	0.280566	0.243688	0.245427	0.331893	0.245624	0.246802	0.247737	0.245777	0.264523	0.325438	
0.250162	0.254842	0.249513	0.332205	0.274638	0.248998	0.000000	0.245692	0.247555	0.271884	0.248217	0.251103	0.276316	0.260465	0.248805	0.332916	0.246342	0.250425	0.250570	0.248893	0.271815	0.327360	
0.248645	0.252750	0.246918	0.328312	0.283696	0.243798	0.245692	0.000000	0.245313	0.261335	0.243156	0.245725	0.284735	0.256506	0.245907	0.333039	0.245074	0.243559	0.242426	0.240286	0.266519	0.325018	
0.248528	0.252212	0.249095	0.327014	0.251996	0.246952	0.247555	0.245313	0.000000	0.264622	0.249934	0.246200	0.277727	0.255478	0.247538	0.329850	0.247737	0.246487	0.244682	0.247049	0.267163	0.325607	
0.273117	0.253032	0.270565	0.315461	0.265460	0.273668	0.271884	0.261335	0.264622	0.000000	0.191512	0.282640	0.243802	0.243956	0.270685	0.307399	0.270050	0.266807	0.273421	0.261745	0.283726	0.316821	
0.251104	0.250938	0.249772	0.331739	0.256767	0.245914	0.248217	0.243156	0.249934	0.191512	0.000000	0.249100	0.271217	0.256016	0.246604	0.330495	0.246127	0.248616	0.248821	0.248190	0.267051	0.327626	
0.245291	0.250087	0.246535	0.328815	0.277251	0.249228	0.251103	0.245725	0.246200	0.282640	0.249100	0.000000	0.285211	0.248973	0.247913	0.331017	0.245490	0.246211	0.249835	0.245762	0.267706	0.324167	
0.254276	0.264249	0.321337	0.286607	0.253165	0.280566	0.276316	0.284735	0.277727	0.243802	0.271217	0.285211	0.000000	0.225867	0.269146	0.272809	0.246534	0.257011	0.265711	0.279024	0.276035	0.279942	
0.260247	0.255601	0.273931	0.301400	0.265580	0.243688	0.260465	0.256506	0.255478	0.243956	0.256016	0.248973	0.225867	0.000000	0.254219	0.299443	0.254961	0.254237	0.258921	0.256543	0.241477	0.302932	
0.251973	0.251604	0.247926	0.326723	0.288162	0.245427	0.248805	0.245907	0.247538	0.270685	0.246604	0.247913	0.269146	0.254219	0.000000	0.327254	0.248454	0.247007	0.249983	0.247850	0.267579	0.325639	
0.326628	0.325218	0.327089	0.235969	0.328861	0.331893	0.332916	0.333039	0.329850	0.307399	0.330495	0.331017	0.272809	0.299443	0.327254	0.000000	0.331193	0.326715	0.330958	0.331378	0.327282	0.236276	
0.247894	0.248736	0.250195	0.332476	0.284844	0.245624	0.246342	0.245074	0.247737	0.270050	0.246127	0.245490	0.246534	0.254961	0.248454	0.331193	0.000000	0.245963	0.248977	0.245290	0.265137	0.324100	
0.250774	0.250333	0.250114	0.331403	0.280646	0.246802	0.250425	0.243559	0.246487	0.266807	0.248616	0.246211	0.257011	0.254237	0.247007	0.326715	0.245963	0.000000	0.248142	0.249093	0.265368	0.328543	
0.249261	0.251501	0.249059	0.327957	0.269723	0.247737	0.250570	0.242426	0.244682	0.273421	0.248821	0.249835	0.265711	0.258921	0.249983	0.330958	0.248977	0.248142	0.000000	0.243004	0.265686	0.324505	
0.246624	0.249222	0.244268	0.329678	0.273054	0.245777	0.248893	0.240286	0.247049	0.261745	0.248190	0.245762	0.279024	0.256543	0.247850	0.331378	0.245290	0.249093	0.243004	0.000000	0.264459	0.321750	
0.269165	0.270470	0.270974	0.324717	0.289366	0.264523	0.271815	0.266519	0.267163	0.283726	0.267051	0.267706	0.276035	0.241477	0.267579	0.327282	0.265137	0.265368	0.265686	0.264459	0.000000	0.324435	
0.327346	0.325333	0.326915	0.232075	0.327821	0.325438	0.327360	0.325018	0.325607	0.316821	0.327626	0.324167	0.279942	0.302932	0.325639	0.236276	0.324100	0.328543	0.324505	0.321750	0.324435	0.000000	
