0.000000	0.336499	0.376699	0.328086	0.362407	0.339560	0.325984	0.321096	0.402091	0.226190	0.216107	0.230455	0.348986	0.353659	0.342672	0.392659	0.355828	0.343539	0.334473	0.430868	0.353684	0.346706	0.359643	0.363171	0.397351	0.427152	0.308031	0.317241	0.371097	0.361188	0.302521	0.391763	0.325581	0.323323	0.336686	0.323482	0.330078	0.345679	0.374919	0.345823	0.339190	0.364084	0.348550	0.311609	0.398802	0.384263	0.329621	0.369144	0.369773	0.418987	0.387522	0.396568	0.378489	0.430598	0.390984	0.399770	0.398608	0.402985	0.411504	0.329579	0.433905	0.421305	0.331006	0.448690	0.383362	0.370918	0.355757	0.384460	0.351729	0.216104	
0.336499	0.000000	0.283134	0.244401	0.247226	0.249303	0.239351	0.278946	0.259268	0.337143	0.297372	0.351499	0.253841	0.256629	0.254997	0.298249	0.251686	0.277272	0.283623	0.287691	0.288781	0.288824	0.294561	0.298455	0.296229	0.293042	0.270853	0.277298	0.293848	0.289705	0.275328	0.283115	0.242612	0.240254	0.260038	0.258425	0.243214	0.266370	0.255432	0.262420	0.255805	0.298878	0.290721	0.237774	0.245526	0.282683	0.284111	0.288220	0.289674	0.294422	0.291961	0.296489	0.300932	0.302364	0.287824	0.256203	0.250098	0.254208	0.258355	0.254081	0.300671	0.291782	0.280699	0.296423	0.302574	0.257293	0.250585	0.294754	0.254044	0.292149	
0.376699	0.283134	0.000000	0.291761	0.291651	0.291162	0.291457	0.240474	0.290464	0.478947	0.424000	0.401973	0.292663	0.293450	0.284010	0.289938	0.295121	0.284247	0.282948	0.281897	0.282384	0.281455	0.251243	0.284461	0.281558	0.250310	0.238763	0.276817	0.282043	0.261822	0.271619	0.240062	0.286506	0.285333	0.294722	0.294046	0.286075	0.296190	0.296100	0.289234	0.288964	0.253647	0.243883	0.282216	0.286196	0.241470	0.272586	0.249185	0.245067	0.281576	0.281057	0.280870	0.287870	0.287428	0.283786	0.292809	0.291648	0.284701	0.284861	0.281830	0.282462	0.264462	0.278419	0.287095	0.286933	0.295099	0.285334	0.248405	0.294243	0.420912	
0.328086	0.244401	0.291761	0.000000	0.251532	0.252113	0.256488	0.294324	0.262852	0.376825	0.332427	0.358789	0.256372	0.258122	0.248830	0.304831	0.262631	0.295666	0.296257	0.300573	0.296389	0.297233	0.299457	0.303705	0.305464	0.301860	0.281471	0.290365	0.298110	0.284795	0.283395	0.294522	0.251666	0.246305	0.258632	0.253326	0.253552	0.260527	0.260553	0.258879	0.261600	0.295284	0.286364	0.249547	0.257218	0.290455	0.285214	0.295117	0.292492	0.302085	0.304017	0.295603	0.304870	0.307874	0.307005	0.256785	0.257181	0.253312	0.255549	0.255235	0.303714	0.291850	0.299395	0.307092	0.302947	0.259679	0.256562	0.286124	0.256935	0.319667	
0.362407	0.247226	0.291651	0.251532	0.000000	0.253157	0.256815	0.291256	0.258047	0.401515	0.364000	0.372247	0.257202	0.258492	0.252008	0.302318	0.261199	0.293632	0.293108	0.293773	0.294910	0.297216	0.295904	0.289487	0.299148	0.291828	0.277778	0.296131	0.292862	0.287010	0.279360	0.294743	0.245345	0.259523	0.258853	0.256581	0.255570	0.262563	0.256482	0.253582	0.250684	0.294450	0.291532	0.256561	0.254376	0.284220	0.302013	0.294393	0.289054	0.297110	0.301980	0.296142	0.301872	0.303912	0.302587	0.262278	0.253220	0.251770	0.255247	0.259958	0.296773	0.290624	0.297696	0.299195	0.301773	0.255241	0.262428	0.289394	0.259660	0.350410	
0.339560	0.249303	0.291162	0.252113	0.253157	0.000000	0.258361	0.288168	0.257088	0.358059	0.337079	0.358354	0.252023	0.259734	0.253072	0.302801	0.257465	0.297633	0.295901	0.291523	0.299271	0.301181	0.295474	0.299128	0.305519	0.292514	0.284799	0.297938	0.294807	0.285124	0.280676	0.286848	0.246658	0.248131	0.255845	0.255345	0.251863	0.260239	0.256399	0.251031	0.255375	0.291312	0.287208	0.248302	0.254965	0.289551	0.297405	0.291278	0.289452	0.301346	0.301449	0.297684	0.305589	0.304999	0.301781	0.250500	0.250530	0.252484	0.250032	0.247135	0.299180	0.283384	0.292052	0.302431	0.302191	0.252602	0.250561	0.286592	0.252781	0.315995	
0.325984	0.239351	0.291457	0.256488	0.256815	0.258361	0.000000	0.288133	0.261423	0.360677	0.324633	0.339538	0.252848	0.251194	0.246297	0.304355	0.264598	0.297043	0.296312	0.296368	0.296829	0.301039	0.299936	0.301240	0.311346	0.299078	0.281406	0.285339	0.297010	0.289970	0.289906	0.289508	0.249049	0.257919	0.259868	0.262474	0.249965	0.262367	0.261630	0.259054	0.256767	0.291861	0.287581	0.256302	0.253655	0.291043	0.293839	0.293356	0.287732	0.297735	0.298459	0.298740	0.303795	0.311316	0.303413	0.251384	0.250566	0.252180	0.250945	0.259903	0.303548	0.291085	0.299783	0.304094	0.305601	0.262863	0.252062	0.293617	0.257115	0.320697	
0.321096	0.278946	0.240474	0.294324	0.291256	0.288168	0.288133	0.000000	0.300063	0.340841	0.298934	0.346269	0.292997	0.289845	0.288832	0.289472	0.293668	0.282106	0.282552	0.280612	0.281463	0.283959	0.254891	0.283649	0.288026	0.253741	0.244524	0.277676	0.283221	0.264320	0.287345	0.245726	0.283999	0.287176	0.285849	0.288511	0.292505	0.297237	0.298322	0.287023	0.284877	0.251666	0.248889	0.284464	0.295064	0.248965	0.262762	0.253627	0.249400	0.283862	0.282716	0.284233	0.293008	0.288199	0.289837	0.293722	0.291974	0.292900	0.286324	0.283526	0.289952	0.267625	0.279767	0.288001	0.287124	0.294404	0.278506	0.243478	0.288648	0.317389	
0.402091	0.259268	0.290464	0.262852	0.258047	0.257088	0.261423	0.300063	0.000000	0.492777	0.431193	0.440098	0.253653	0.256566	0.257744	0.305657	0.255021	0.301063	0.298881	0.302955	0.307251	0.298311	0.315521	0.301782	0.298614	0.292421	0.291603	0.318580	0.303311	0.293046	0.284880	0.295689	0.260819	0.261957	0.256865	0.253966	0.261198	0.254943	0.257125	0.250118	0.260062	0.292592	0.288249	0.256874	0.252548	0.289184	0.292351	0.295537	0.290560	0.304518	0.299038	0.298167	0.303652	0.297321	0.306793	0.263328	0.261111	0.263651	0.256975	0.259305	0.299487	0.295776	0.298951	0.302246	0.306477	0.265635	0.252603	0.296801	0.251959	0.442543	
0.226190	0.337143	0.478947	0.376825	0.401515	0.358059	0.360677	0.340841	0.492777	0.000000	0.214498	0.221973	0.375583	0.386682	0.396226	0.490637	0.451303	0.335385	0.331272	0.480992	0.368371	0.339964	0.382304	0.357027	0.451028	0.534836	0.329480	0.319202	0.388336	0.372599	0.339833	0.445351	0.341959	0.337194	0.356988	0.346180	0.371282	0.374265	0.408949	0.364591	0.401565	0.445652	0.383838	0.392720	0.513699	0.467320	0.389105	0.454031	0.426452	0.503158	0.464706	0.474026	0.414005	0.505691	0.486196	0.538095	0.507168	0.536885	0.488764	0.347352	0.527363	0.492063	0.338406	0.531409	0.450439	0.398625	0.390716	0.427892	0.373206	0.191464	
0.216107	0.297372	0.424000	0.332427	0.364000	0.337079	0.324633	0.298934	0.431193	0.214498	0.000000	0.214003	0.326015	0.349960	0.344262	0.450000	0.406990	0.315927	0.305041	0.434844	0.347692	0.333968	0.355044	0.340013	0.412834	0.497418	0.312049	0.274696	0.343470	0.346680	0.316327	0.377654	0.313953	0.312715	0.317811	0.315599	0.322880	0.324311	0.373418	0.337983	0.354323	0.441941	0.344943	0.337196	0.439153	0.426829	0.374251	0.389585	0.386167	0.459119	0.429907	0.428934	0.389130	0.445491	0.420179	0.491197	0.444142	0.474674	0.445498	0.318423	0.455645	0.454068	0.318260	0.464924	0.395283	0.333333	0.320988	0.385528	0.352187	0.219241	
0.230455	0.351499	0.401973	0.358789	0.372247	0.358354	0.339538	0.346269	0.440098	0.221973	0.214003	0.000000	0.364463	0.369650	0.353488	0.450746	0.441388	0.383562	0.362542	0.483465	0.374698	0.369577	0.428152	0.401677	0.448555	0.505360	0.348233	0.300752	0.369427	0.387356	0.319540	0.393285	0.338660	0.363049	0.364520	0.351567	0.339016	0.371292	0.383963	0.352074	0.374558	0.405537	0.339886	0.361582	0.463122	0.422977	0.370031	0.378304	0.380623	0.452532	0.436604	0.441802	0.436636	0.470670	0.420739	0.454685	0.423602	0.439589	0.506601	0.385224	0.477901	0.455112	0.378378	0.489971	0.418327	0.358637	0.357923	0.424904	0.393526	0.210097	
0.348986	0.253841	0.292663	0.256372	0.257202	0.252023	0.252848	0.292997	0.253653	0.375583	0.326015	0.364463	0.000000	0.253600	0.251211	0.307132	0.256764	0.296608	0.297003	0.300573	0.301232	0.300005	0.311478	0.303789	0.306671	0.296163	0.282358	0.281288	0.300000	0.292246	0.278829	0.297087	0.260448	0.258408	0.256537	0.251924	0.263161	0.261798	0.253952	0.254271	0.260462	0.292918	0.281443	0.253811	0.257141	0.288337	0.288831	0.292818	0.289040	0.300320	0.302442	0.298981	0.298827	0.303404	0.310162	0.262884	0.255280	0.257426	0.253957	0.261263	0.298665	0.291454	0.297136	0.307031	0.304592	0.262195	0.258713	0.297589	0.258144	0.339144	
0.353659	0.256629	0.293450	0.258122	0.258492	0.259734	0.251194	0.289845	0.256566	0.386682	0.349960	0.369650	0.253600	0.000000	0.244367	0.304814	0.251876	0.296959	0.294694	0.293250	0.297436	0.301284	0.295450	0.298351	0.306251	0.295150	0.283872	0.298000	0.301598	0.287788	0.273987	0.288874	0.249758	0.253635	0.258490	0.253509	0.259221	0.263049	0.258097	0.258035	0.255246	0.288412	0.288535	0.247641	0.254815	0.288820	0.283626	0.292931	0.292492	0.295323	0.304040	0.297011	0.300602	0.301926	0.310140	0.257608	0.251530	0.253041	0.248779	0.253485	0.299989	0.291514	0.298742	0.303923	0.305613	0.258151	0.251358	0.290694	0.255945	0.342593	
0.342672	0.254997	0.284010	0.248830	0.252008	0.253072	0.246297	0.288832	0.257744	0.396226	0.344262	0.353488	0.251211	0.244367	0.000000	0.307239	0.253587	0.295201	0.292614	0.301797	0.303731	0.302593	0.300846	0.305183	0.296915	0.293816	0.295135	0.290147	0.295091	0.289296	0.295082	0.287381	0.257027	0.239567	0.258221	0.258705	0.257203	0.266176	0.258108	0.252205	0.254938	0.300986	0.291002	0.243157	0.240915	0.293141	0.285494	0.301503	0.288475	0.309528	0.293606	0.295654	0.307610	0.314633	0.300812	0.248870	0.242610	0.249498	0.252467	0.249846	0.310723	0.295209	0.292463	0.311232	0.306409	0.266575	0.252820	0.293667	0.256459	0.358209	
0.392659	0.298249	0.289938	0.304831	0.302318	0.302801	0.304355	0.289472	0.305657	0.490637	0.450000	0.450746	0.307132	0.304814	0.307239	0.000000	0.303242	0.250708	0.249289	0.264941	0.252720	0.255370	0.292772	0.261300	0.260806	0.288065	0.279665	0.252521	0.253128	0.278385	0.281371	0.282852	0.302069	0.293505	0.308565	0.303005	0.302258	0.309561	0.305559	0.300706	0.300454	0.291140	0.291771	0.300704	0.300173	0.289355	0.299849	0.288092	0.292318	0.254615	0.252481	0.253583	0.256365	0.259278	0.257800	0.299154	0.307791	0.303735	0.305718	0.290562	0.258929	0.279273	0.248483	0.257463	0.256452	0.301652	0.307277	0.288777	0.304676	0.488710	
0.355828	0.251686	0.295121	0.262631	0.261199	0.257465	0.264598	0.293668	0.255021	0.451303	0.406990	0.441388	0.256764	0.251876	0.253587	0.303242	0.000000	0.301382	0.299242	0.305851	0.303130	0.302742	0.304718	0.306899	0.302515	0.291749	0.286919	0.294811	0.304031	0.290016	0.284789	0.293280	0.252422	0.253857	0.253001	0.257370	0.257277	0.262277	0.251886	0.262214	0.262659	0.294635	0.291454	0.259419	0.257942	0.292051	0.295477	0.294930	0.298767	0.301990	0.305944	0.301813	0.304161	0.302363	0.304373	0.264285	0.257165	0.257371	0.252493	0.258941	0.304604	0.295957	0.301396	0.304578	0.302070	0.258890	0.251940	0.292098	0.259185	0.389130	
0.343539	0.277272	0.284247	0.295666	0.293632	0.297633	0.297043	0.282106	0.301063	0.335385	0.315927	0.383562	0.296608	0.296959	0.295201	0.250708	0.301382	0.000000	0.241421	0.253928	0.244040	0.248545	0.283461	0.249768	0.252745	0.283670	0.272513	0.245037	0.250177	0.273521	0.283656	0.279668	0.288655	0.293377	0.297417	0.296208	0.295785	0.300951	0.303074	0.292097	0.296490	0.283401	0.284463	0.292019	0.296168	0.282293	0.284979	0.287057	0.281766	0.248587	0.245382	0.243933	0.249030	0.250882	0.246249	0.297679	0.304373	0.297694	0.288809	0.287020	0.251912	0.276733	0.243129	0.248398	0.249664	0.296525	0.294653	0.283207	0.296490	0.316352	
0.334473	0.283623	0.282948	0.296257	0.293108	0.295901	0.296312	0.282552	0.298881	0.331272	0.305041	0.362542	0.297003	0.294694	0.292614	0.249289	0.299242	0.241421	0.000000	0.252191	0.248339	0.246836	0.287710	0.252059	0.247792	0.289291	0.269253	0.245630	0.250420	0.271301	0.278951	0.279583	0.288815	0.292169	0.300328	0.292293	0.295709	0.299113	0.300848	0.292274	0.292672	0.288002	0.283304	0.288593	0.292886	0.277916	0.290787	0.285217	0.283962	0.243265	0.248174	0.250963	0.252518	0.251401	0.251112	0.298243	0.302710	0.297274	0.290270	0.289940	0.251007	0.275132	0.241705	0.250281	0.251123	0.295272	0.290500	0.285076	0.297168	0.314185	
0.430868	0.287691	0.281897	0.300573	0.293773	0.291523	0.296368	0.280612	0.302955	0.480992	0.434844	0.483465	0.300573	0.293250	0.301797	0.264941	0.305851	0.253928	0.252191	0.000000	0.257333	0.254006	0.289531	0.253812	0.260070	0.288391	0.275901	0.256637	0.252515	0.271286	0.281840	0.282419	0.291446	0.294790	0.297424	0.298931	0.297454	0.302458	0.301753	0.298244	0.293675	0.285994	0.281868	0.289540	0.293501	0.283363	0.289098	0.288183	0.286166	0.260007	0.258295	0.254321	0.258517	0.259947	0.257177	0.297500	0.302417	0.293970	0.294435	0.285321	0.258726	0.277113	0.256718	0.258699	0.260787	0.301288	0.288565	0.283552	0.299634	0.460465	
0.353684	0.288781	0.282384	0.296389	0.294910	0.299271	0.296829	0.281463	0.307251	0.368371	0.347692	0.374698	0.301232	0.297436	0.303731	0.252720	0.303130	0.244040	0.248339	0.257333	0.000000	0.254574	0.289408	0.251911	0.254701	0.288016	0.271457	0.252703	0.251118	0.278089	0.267438	0.281155	0.296385	0.292685	0.299548	0.300446	0.299676	0.302891	0.303735	0.296946	0.299470	0.291428	0.288038	0.295650	0.296623	0.283342	0.280383	0.286163	0.285142	0.245129	0.253472	0.251305	0.251408	0.253445	0.248711	0.303446	0.303841	0.293965	0.295368	0.293016	0.250864	0.278526	0.250884	0.250831	0.252783	0.300911	0.298225	0.287199	0.303770	0.345588	
0.346706	0.288824	0.281455	0.297233	0.297216	0.301181	0.301039	0.283959	0.298311	0.339964	0.333968	0.369577	0.300005	0.301284	0.302593	0.255370	0.302742	0.248545	0.246836	0.254006	0.254574	0.000000	0.291236	0.257275	0.252269	0.285339	0.274931	0.260242	0.258905	0.281054	0.279360	0.287363	0.294464	0.298874	0.295319	0.297476	0.298879	0.301284	0.299227	0.296230	0.298564	0.287832	0.290742	0.299638	0.301469	0.283792	0.283603	0.288137	0.289130	0.254261	0.247312	0.246025	0.256530	0.255915	0.249775	0.296215	0.305730	0.297146	0.295692	0.290407	0.254443	0.278836	0.248520	0.256943	0.249120	0.301855	0.301299	0.288637	0.299507	0.332600	
0.359643	0.294561	0.251243	0.299457	0.295904	0.295474	0.299936	0.254891	0.315521	0.382304	0.355044	0.428152	0.311478	0.295450	0.300846	0.292772	0.304718	0.283461	0.287710	0.289531	0.289408	0.291236	0.000000	0.284684	0.304795	0.264386	0.246785	0.277535	0.281372	0.272393	0.293138	0.245027	0.290305	0.293551	0.308880	0.316229	0.290860	0.313667	0.306895	0.315688	0.296893	0.255052	0.257206	0.297517	0.297709	0.252657	0.278058	0.255840	0.253875	0.287373	0.287516	0.287279	0.285728	0.290285	0.296825	0.292624	0.298604	0.292267	0.288921	0.292704	0.287695	0.271332	0.288734	0.292478	0.291968	0.294307	0.309589	0.250995	0.314633	0.378981	
0.363171	0.298455	0.284461	0.303705	0.289487	0.299128	0.301240	0.283649	0.301782	0.357027	0.340013	0.401677	0.303789	0.298351	0.305183	0.261300	0.306899	0.249768	0.252059	0.253812	0.251911	0.257275	0.284684	0.000000	0.251932	0.287942	0.269014	0.245357	0.255570	0.277503	0.281309	0.280031	0.295717	0.288798	0.297570	0.299145	0.301165	0.303938	0.302315	0.295230	0.301203	0.288056	0.284714	0.296424	0.297291	0.279403	0.285645	0.285745	0.285033	0.253084	0.248863	0.252039	0.254700	0.260346	0.252181	0.302736	0.305576	0.302695	0.293143	0.296017	0.250884	0.276437	0.254276	0.253887	0.257008	0.297253	0.301972	0.288764	0.298455	0.357683	
0.397351	0.296229	0.281558	0.305464	0.299148	0.305519	0.311346	0.288026	0.298614	0.451028	0.412834	0.448555	0.306671	0.306251	0.296915	0.260806	0.302515	0.252745	0.247792	0.260070	0.254701	0.252269	0.304795	0.251932	0.000000	0.287869	0.287441	0.248132	0.258451	0.281736	0.278803	0.286513	0.299314	0.300400	0.301936	0.305742	0.306074	0.306596	0.300461	0.297117	0.301827	0.288365	0.287842	0.301568	0.299792	0.287609	0.284839	0.290358	0.287652	0.255669	0.251578	0.252556	0.255284	0.250545	0.248477	0.304421	0.308949	0.303994	0.301314	0.293037	0.253468	0.282145	0.250581	0.255483	0.258094	0.305418	0.304940	0.289526	0.303777	0.422798	
0.427152	0.293042	0.250310	0.301860	0.291828	0.292514	0.299078	0.253741	0.292421	0.534836	0.497418	0.505360	0.296163	0.295150	0.293816	0.288065	0.291749	0.283670	0.289291	0.288391	0.288016	0.285339	0.264386	0.287942	0.287869	0.000000	0.245511	0.300365	0.287871	0.265231	0.289289	0.244918	0.290628	0.304320	0.293810	0.294015	0.292039	0.298308	0.296019	0.282287	0.292803	0.252672	0.250648	0.295418	0.286705	0.243890	0.279654	0.249555	0.251130	0.293032	0.287242	0.286959	0.294719	0.286059	0.290111	0.298016	0.295766	0.290723	0.290482	0.289965	0.288315	0.270098	0.283031	0.292620	0.290829	0.297795	0.297560	0.250419	0.298818	0.491028	
0.308031	0.270853	0.238763	0.281471	0.277778	0.284799	0.281406	0.244524	0.291603	0.329480	0.312049	0.348233	0.282358	0.283872	0.295135	0.279665	0.286919	0.272513	0.269253	0.275901	0.271457	0.274931	0.246785	0.269014	0.287441	0.245511	0.000000	0.261036	0.275409	0.254855	0.268793	0.235455	0.279672	0.267390	0.280742	0.285989	0.280120	0.292802	0.295123	0.288339	0.287130	0.238734	0.244858	0.270378	0.287797	0.230617	0.266951	0.242421	0.247742	0.279753	0.278995	0.275503	0.278351	0.286916	0.283121	0.285789	0.289689	0.288386	0.282632	0.275969	0.282274	0.257757	0.274800	0.286737	0.286104	0.288353	0.282131	0.244890	0.290944	0.301587	
0.317241	0.277298	0.276817	0.290365	0.296131	0.297938	0.285339	0.277676	0.318580	0.319202	0.274696	0.300752	0.281288	0.298000	0.290147	0.252521	0.294811	0.245037	0.245630	0.256637	0.252703	0.260242	0.277535	0.245357	0.248132	0.300365	0.261036	0.000000	0.240189	0.269847	0.282576	0.265869	0.287586	0.273554	0.291938	0.286368	0.294884	0.290083	0.308031	0.300893	0.302703	0.286610	0.276161	0.287165	0.289334	0.287505	0.276484	0.280942	0.278933	0.247144	0.237368	0.248364	0.262514	0.247153	0.241941	0.305195	0.312261	0.302006	0.315660	0.291681	0.261463	0.289272	0.243948	0.259287	0.258020	0.301278	0.286649	0.288660	0.305984	0.275457	
0.371097	0.293848	0.282043	0.298110	0.292862	0.294807	0.297010	0.283221	0.303311	0.388336	0.343470	0.369427	0.300000	0.301598	0.295091	0.253128	0.304031	0.250177	0.250420	0.252515	0.251118	0.258905	0.281372	0.255570	0.258451	0.287871	0.275409	0.240189	0.000000	0.264028	0.277568	0.277803	0.294604	0.291386	0.298724	0.298681	0.297101	0.304659	0.297176	0.298495	0.292288	0.286471	0.283044	0.286195	0.295489	0.281566	0.282579	0.283524	0.283510	0.250800	0.250290	0.248604	0.252410	0.253723	0.244780	0.298935	0.303030	0.302727	0.295294	0.290590	0.255827	0.273567	0.247625	0.252053	0.251089	0.296682	0.292766	0.282690	0.305862	0.353107	
0.361188	0.289705	0.261822	0.284795	0.287010	0.285124	0.289970	0.264320	0.293046	0.372599	0.346680	0.387356	0.292246	0.287788	0.289296	0.278385	0.290016	0.273521	0.271301	0.271286	0.278089	0.281054	0.272393	0.277503	0.281736	0.265231	0.254855	0.269847	0.264028	0.000000	0.267386	0.265684	0.282436	0.290285	0.285946	0.288868	0.286075	0.295045	0.292729	0.285077	0.282826	0.269247	0.261550	0.278151	0.286211	0.260503	0.254671	0.266189	0.266858	0.271084	0.269708	0.280634	0.284448	0.281878	0.280194	0.284337	0.290706	0.288275	0.286968	0.283077	0.282967	0.244795	0.272739	0.277699	0.278850	0.294817	0.289260	0.263192	0.292936	0.361658	
0.302521	0.275328	0.271619	0.283395	0.279360	0.280676	0.289906	0.287345	0.284880	0.339833	0.316327	0.319540	0.278829	0.273987	0.295082	0.281371	0.284789	0.283656	0.278951	0.281840	0.267438	0.279360	0.293138	0.281309	0.278803	0.289289	0.268793	0.282576	0.277568	0.267386	0.000000	0.279093	0.281226	0.277674	0.281068	0.273945	0.273223	0.296314	0.289527	0.280946	0.281287	0.286661	0.266701	0.274480	0.281658	0.276356	0.283124	0.284800	0.285049	0.281344	0.279689	0.278694	0.290862	0.281865	0.282147	0.282285	0.286478	0.275195	0.287323	0.271038	0.279188	0.274881	0.279186	0.274415	0.290900	0.276292	0.273446	0.281175	0.287631	0.290948	
0.391763	0.283115	0.240062	0.294522	0.294743	0.286848	0.289508	0.245726	0.295689	0.445351	0.377654	0.393285	0.297087	0.288874	0.287381	0.282852	0.293280	0.279668	0.279583	0.282419	0.281155	0.287363	0.245027	0.280031	0.286513	0.244918	0.235455	0.265869	0.277803	0.265684	0.279093	0.000000	0.288160	0.289336	0.291935	0.294411	0.283117	0.292427	0.297521	0.293927	0.288503	0.250222	0.243817	0.283802	0.290558	0.240215	0.278425	0.239754	0.241784	0.282036	0.283267	0.284863	0.285579	0.288232	0.285599	0.288137	0.290340	0.289346	0.285258	0.286897	0.284038	0.260924	0.281119	0.280343	0.290988	0.291433	0.284292	0.250235	0.294787	0.393822	
0.325581	0.242612	0.286506	0.251666	0.245345	0.246658	0.249049	0.283999	0.260819	0.341959	0.313953	0.338660	0.260448	0.249758	0.257027	0.302069	0.252422	0.288655	0.288815	0.291446	0.296385	0.294464	0.290305	0.295717	0.299314	0.290628	0.279672	0.287586	0.294604	0.282436	0.281226	0.288160	0.000000	0.249702	0.254616	0.251116	0.250759	0.259381	0.258615	0.253688	0.252830	0.291060	0.281926	0.244300	0.253312	0.287033	0.289494	0.288428	0.286191	0.290556	0.295434	0.293769	0.298959	0.302256	0.302332	0.256210	0.250648	0.255787	0.247066	0.249503	0.300707	0.287713	0.290331	0.298312	0.298003	0.258466	0.257406	0.286093	0.258160	0.316914	
0.323323	0.240254	0.285333	0.246305	0.259523	0.248131	0.257919	0.287176	0.261957	0.337194	0.312715	0.363049	0.258408	0.253635	0.239567	0.293505	0.253857	0.293377	0.292169	0.294790	0.292685	0.298874	0.293551	0.288798	0.300400	0.304320	0.267390	0.273554	0.291386	0.290285	0.277674	0.289336	0.249702	0.000000	0.252553	0.258104	0.241488	0.271032	0.261113	0.261472	0.252021	0.294925	0.282222	0.250557	0.258876	0.281959	0.284345	0.287375	0.288944	0.299406	0.295006	0.294593	0.299939	0.306398	0.301129	0.251016	0.253008	0.253736	0.250882	0.253457	0.301436	0.293989	0.296038	0.299414	0.303209	0.259428	0.253611	0.281962	0.252481	0.302714	
0.336686	0.260038	0.294722	0.258632	0.258853	0.255845	0.259868	0.285849	0.256865	0.356988	0.317811	0.364520	0.256537	0.258490	0.258221	0.308565	0.253001	0.297417	0.300328	0.297424	0.299548	0.295319	0.308880	0.297570	0.301936	0.293810	0.280742	0.291938	0.298724	0.285946	0.281068	0.291935	0.254616	0.252553	0.000000	0.254670	0.256184	0.256395	0.257645	0.256251	0.255686	0.290360	0.282695	0.244468	0.254105	0.287180	0.290544	0.296081	0.295354	0.300794	0.301741	0.300443	0.302907	0.302047	0.309375	0.255968	0.257628	0.252608	0.256697	0.255727	0.300291	0.290321	0.295204	0.306033	0.304581	0.263121	0.262866	0.292903	0.252629	0.321086	
0.323482	0.258425	0.294046	0.253326	0.256581	0.255345	0.262474	0.288511	0.253966	0.346180	0.315599	0.351567	0.251924	0.253509	0.258705	0.303005	0.257370	0.296208	0.292293	0.298931	0.300446	0.297476	0.316229	0.299145	0.305742	0.294015	0.285989	0.286368	0.298681	0.288868	0.273945	0.294411	0.251116	0.258104	0.254670	0.000000	0.260384	0.254729	0.254084	0.250275	0.255943	0.290790	0.287924	0.247941	0.256894	0.290676	0.293538	0.297364	0.289068	0.299843	0.300981	0.298127	0.303539	0.303459	0.304301	0.256761	0.260787	0.252285	0.255875	0.255946	0.300324	0.293968	0.297293	0.305038	0.306334	0.264227	0.261234	0.290082	0.255401	0.325904	
0.330078	0.243214	0.286075	0.253552	0.255570	0.251863	0.249965	0.292505	0.261198	0.371282	0.322880	0.339016	0.263161	0.259221	0.257203	0.302258	0.257277	0.295785	0.295709	0.297454	0.299676	0.298879	0.290860	0.301165	0.306074	0.292039	0.280120	0.294884	0.297101	0.286075	0.273223	0.283117	0.250759	0.241488	0.256184	0.260384	0.000000	0.259692	0.259587	0.257924	0.254883	0.295351	0.282295	0.250241	0.255690	0.277573	0.292276	0.292032	0.285673	0.301336	0.299388	0.300967	0.307272	0.306200	0.304437	0.258576	0.252740	0.253157	0.254225	0.251360	0.298967	0.292044	0.301161	0.302111	0.304815	0.260325	0.260386	0.285996	0.255753	0.321773	
0.345679	0.266370	0.296190	0.260527	0.262563	0.260239	0.262367	0.297237	0.254943	0.374265	0.324311	0.371292	0.261798	0.263049	0.266176	0.309561	0.262277	0.300951	0.299113	0.302458	0.302891	0.301284	0.313667	0.303938	0.306596	0.298308	0.292802	0.290083	0.304659	0.295045	0.296314	0.292427	0.259381	0.271032	0.256395	0.254729	0.259692	0.000000	0.262809	0.254166	0.263381	0.293878	0.288037	0.264990	0.262621	0.290680	0.301354	0.299656	0.292188	0.305226	0.307865	0.305694	0.304041	0.297418	0.306685	0.263710	0.258530	0.257413	0.257867	0.263550	0.299849	0.295065	0.299453	0.303995	0.308916	0.263462	0.257908	0.294219	0.260695	0.338703	
0.374919	0.255432	0.296100	0.260553	0.256482	0.256399	0.261630	0.298322	0.257125	0.408949	0.373418	0.383963	0.253952	0.258097	0.258108	0.305559	0.251886	0.303074	0.300848	0.301753	0.303735	0.299227	0.306895	0.302315	0.300461	0.296019	0.295123	0.308031	0.297176	0.292729	0.289527	0.297521	0.258615	0.261113	0.257645	0.254084	0.259587	0.262809	0.000000	0.260544	0.255033	0.291528	0.291267	0.253374	0.257316	0.288575	0.261838	0.295373	0.297362	0.300786	0.302058	0.300743	0.304251	0.300842	0.301970	0.259085	0.255520	0.256385	0.258983	0.263484	0.299033	0.296631	0.299968	0.303805	0.300521	0.260156	0.261422	0.295336	0.254690	0.363891	
0.345823	0.262420	0.289234	0.258879	0.253582	0.251031	0.259054	0.287023	0.250118	0.364591	0.337983	0.352074	0.254271	0.258035	0.252205	0.300706	0.262214	0.292097	0.292274	0.298244	0.296946	0.296230	0.315688	0.295230	0.297117	0.282287	0.288339	0.300893	0.298495	0.285077	0.280946	0.293927	0.253688	0.261472	0.256251	0.250275	0.257924	0.254166	0.260544	0.000000	0.254467	0.289785	0.284113	0.252169	0.260426	0.288341	0.283333	0.292768	0.288534	0.298875	0.296135	0.297013	0.296994	0.291656	0.301579	0.258350	0.254127	0.258489	0.254549	0.252351	0.297929	0.286986	0.294833	0.300688	0.298106	0.259480	0.257543	0.298720	0.256264	0.323705	
0.339190	0.255805	0.288964	0.261600	0.250684	0.255375	0.256767	0.284877	0.260062	0.401565	0.354323	0.374558	0.260462	0.255246	0.254938	0.300454	0.262659	0.296490	0.292672	0.293675	0.299470	0.298564	0.296893	0.301203	0.301827	0.292803	0.287130	0.302703	0.292288	0.282826	0.281287	0.288503	0.252830	0.252021	0.255686	0.255943	0.254883	0.263381	0.255033	0.254467	0.000000	0.287999	0.286224	0.255758	0.256463	0.285677	0.302525	0.286224	0.288458	0.296763	0.296622	0.297006	0.303859	0.304032	0.304238	0.261937	0.251878	0.258132	0.251201	0.257237	0.300369	0.286006	0.293163	0.299162	0.306450	0.258360	0.251690	0.290167	0.255157	0.347160	
0.364084	0.298878	0.253647	0.295284	0.294450	0.291312	0.291861	0.251666	0.292592	0.445652	0.441941	0.405537	0.292918	0.288412	0.300986	0.291140	0.294635	0.283401	0.288002	0.285994	0.291428	0.287832	0.255052	0.288056	0.288365	0.252672	0.238734	0.286610	0.286471	0.269247	0.286661	0.250222	0.291060	0.294925	0.290360	0.290790	0.295351	0.293878	0.291528	0.289785	0.287999	0.000000	0.251898	0.290308	0.289386	0.244141	0.266489	0.255482	0.250716	0.289598	0.290792	0.284520	0.288036	0.285757	0.284382	0.291811	0.297178	0.293211	0.294044	0.288604	0.290242	0.266603	0.284051	0.290887	0.285883	0.297114	0.298782	0.250331	0.291730	0.406557	
0.348550	0.290721	0.243883	0.286364	0.291532	0.287208	0.287581	0.248889	0.288249	0.383838	0.344943	0.339886	0.281443	0.288535	0.291002	0.291771	0.291454	0.284463	0.283304	0.281868	0.288038	0.290742	0.257206	0.284714	0.287842	0.250648	0.244858	0.276161	0.283044	0.261550	0.266701	0.243817	0.281926	0.282222	0.282695	0.287924	0.282295	0.288037	0.291267	0.284113	0.286224	0.251898	0.000000	0.284186	0.286730	0.248389	0.269071	0.246473	0.247127	0.283243	0.285251	0.287234	0.289604	0.292482	0.286226	0.292801	0.293519	0.291214	0.284875	0.286233	0.290591	0.262382	0.280458	0.289863	0.292094	0.289942	0.284134	0.253589	0.286588	0.331573	
0.311609	0.237774	0.282216	0.249547	0.256561	0.248302	0.256302	0.284464	0.256874	0.392720	0.337196	0.361582	0.253811	0.247641	0.243157	0.300704	0.259419	0.292019	0.288593	0.289540	0.295650	0.299638	0.297517	0.296424	0.301568	0.295418	0.270378	0.287165	0.286195	0.278151	0.274480	0.283802	0.244300	0.250557	0.244468	0.247941	0.250241	0.264990	0.253374	0.252169	0.255758	0.290308	0.284186	0.000000	0.243254	0.279934	0.279101	0.285626	0.288975	0.283860	0.290137	0.294893	0.300227	0.309837	0.297266	0.250722	0.246073	0.248460	0.248001	0.251023	0.300869	0.290418	0.294625	0.304185	0.306956	0.256266	0.251484	0.288541	0.249270	0.326464	
0.398802	0.245526	0.286196	0.257218	0.254376	0.254965	0.253655	0.295064	0.252548	0.513699	0.439153	0.463122	0.257141	0.254815	0.240915	0.300173	0.257942	0.296168	0.292886	0.293501	0.296623	0.301469	0.297709	0.297291	0.299792	0.286705	0.287797	0.289334	0.295489	0.286211	0.281658	0.290558	0.253312	0.258876	0.254105	0.256894	0.255690	0.262621	0.257316	0.260426	0.256463	0.289386	0.286730	0.243254	0.000000	0.287688	0.292274	0.288854	0.290237	0.296774	0.294959	0.293284	0.302657	0.301632	0.306326	0.253040	0.259388	0.255802	0.254679	0.246896	0.296785	0.289156	0.300213	0.301681	0.296462	0.251451	0.262759	0.291380	0.262900	0.468085	
0.384263	0.282683	0.241470	0.290455	0.284220	0.289551	0.291043	0.248965	0.289184	0.467320	0.426829	0.422977	0.288337	0.288820	0.293141	0.289355	0.292051	0.282293	0.277916	0.283363	0.283342	0.283792	0.252657	0.279403	0.287609	0.243890	0.230617	0.287505	0.281566	0.260503	0.276356	0.240215	0.287033	0.281959	0.287180	0.290676	0.277573	0.290680	0.288575	0.288341	0.285677	0.244141	0.248389	0.279934	0.287688	0.000000	0.269468	0.243540	0.241440	0.280548	0.282568	0.275031	0.285184	0.289012	0.286612	0.288033	0.286423	0.287729	0.287695	0.285298	0.283459	0.260539	0.278307	0.287115	0.285975	0.290704	0.284100	0.250128	0.286215	0.413836	
0.329621	0.284111	0.272586	0.285214	0.302013	0.297405	0.293839	0.262762	0.292351	0.389105	0.374251	0.370031	0.288831	0.283626	0.285494	0.299849	0.295477	0.284979	0.290787	0.289098	0.280383	0.283603	0.278058	0.285645	0.284839	0.279654	0.266951	0.276484	0.282579	0.254671	0.283124	0.278425	0.289494	0.284345	0.290544	0.293538	0.292276	0.301354	0.261838	0.283333	0.302525	0.266489	0.269071	0.279101	0.292274	0.269468	0.000000	0.266356	0.270828	0.282975	0.296407	0.287247	0.296468	0.295764	0.283184	0.286047	0.290594	0.292992	0.287001	0.281826	0.293337	0.269790	0.291717	0.288856	0.288629	0.294337	0.287991	0.278370	0.292349	0.379195	
0.369144	0.288220	0.249185	0.295117	0.294393	0.291278	0.293356	0.253627	0.295537	0.454031	0.389585	0.378304	0.292818	0.292931	0.301503	0.288092	0.294930	0.287057	0.285217	0.288183	0.286163	0.288137	0.255840	0.285745	0.290358	0.249555	0.242421	0.280942	0.283524	0.266189	0.284800	0.239754	0.288428	0.287375	0.296081	0.297364	0.292032	0.299656	0.295373	0.292768	0.286224	0.255482	0.246473	0.285626	0.288854	0.243540	0.266356	0.000000	0.244959	0.280128	0.286771	0.282087	0.286677	0.289550	0.288042	0.295612	0.296977	0.291772	0.288379	0.287066	0.290694	0.259363	0.280819	0.287983	0.286973	0.294157	0.288431	0.249422	0.293024	0.386320	
0.369773	0.289674	0.245067	0.292492	0.289054	0.289452	0.287732	0.249400	0.290560	0.426452	0.386167	0.380623	0.289040	0.292492	0.288475	0.292318	0.298767	0.281766	0.283962	0.286166	0.285142	0.289130	0.253875	0.285033	0.287652	0.251130	0.247742	0.278933	0.283510	0.266858	0.285049	0.241784	0.286191	0.288944	0.295354	0.289068	0.285673	0.292188	0.297362	0.288534	0.288458	0.250716	0.247127	0.288975	0.290237	0.241440	0.270828	0.244959	0.000000	0.283473	0.283066	0.281085	0.290942	0.290039	0.289230	0.291889	0.291726	0.288988	0.290898	0.290067	0.287337	0.262968	0.283193	0.287529	0.289805	0.294415	0.290559	0.255863	0.290965	0.362232	
0.418987	0.294422	0.281576	0.302085	0.297110	0.301346	0.297735	0.283862	0.304518	0.503158	0.459119	0.452532	0.300320	0.295323	0.309528	0.254615	0.301990	0.248587	0.243265	0.260007	0.245129	0.254261	0.287373	0.253084	0.255669	0.293032	0.279753	0.247144	0.250800	0.271084	0.281344	0.282036	0.290556	0.299406	0.300794	0.299843	0.301336	0.305226	0.300786	0.298875	0.296763	0.289598	0.283243	0.283860	0.296774	0.280548	0.282975	0.280128	0.283473	0.000000	0.254372	0.247369	0.254737	0.262955	0.251039	0.301250	0.302893	0.297992	0.297235	0.294611	0.257085	0.276412	0.248178	0.254070	0.257422	0.298313	0.292291	0.284475	0.300413	0.505703	
0.387522	0.291961	0.281057	0.304017	0.301980	0.301449	0.298459	0.282716	0.299038	0.464706	0.429907	0.436604	0.302442	0.304040	0.293606	0.252481	0.305944	0.245382	0.248174	0.258295	0.253472	0.247312	0.287516	0.248863	0.251578	0.287242	0.278995	0.237368	0.250290	0.269708	0.279689	0.283267	0.295434	0.295006	0.301741	0.300981	0.299388	0.307865	0.302058	0.296135	0.296622	0.290792	0.285251	0.290137	0.294959	0.282568	0.296407	0.286771	0.283066	0.254372	0.000000	0.249208	0.253851	0.252880	0.248861	0.300422	0.301797	0.298195	0.298676	0.293572	0.253063	0.276170	0.245996	0.253395	0.254630	0.303792	0.302223	0.284275	0.299385	0.418182	
0.396568	0.296489	0.280870	0.295603	0.296142	0.297684	0.298740	0.284233	0.298167	0.474026	0.428934	0.441802	0.298981	0.297011	0.295654	0.253583	0.301813	0.243933	0.250963	0.254321	0.251305	0.246025	0.287279	0.252039	0.252556	0.286959	0.275503	0.248364	0.248604	0.280634	0.278694	0.284863	0.293769	0.294593	0.300443	0.298127	0.300967	0.305694	0.300743	0.297013	0.297006	0.284520	0.287234	0.294893	0.293284	0.275031	0.287247	0.282087	0.281085	0.247369	0.249208	0.000000	0.256240	0.252637	0.251028	0.302127	0.303184	0.293327	0.297652	0.283354	0.251693	0.275042	0.253027	0.250791	0.256038	0.298140	0.302509	0.283030	0.296411	0.425240	
0.378489	0.300932	0.287870	0.304870	0.301872	0.305589	0.303795	0.293008	0.303652	0.414005	0.389130	0.436636	0.298827	0.300602	0.307610	0.256365	0.304161	0.249030	0.252518	0.258517	0.251408	0.256530	0.285728	0.254700	0.255284	0.294719	0.278351	0.262514	0.252410	0.284448	0.290862	0.285579	0.298959	0.299939	0.302907	0.303539	0.307272	0.304041	0.304251	0.296994	0.303859	0.288036	0.289604	0.300227	0.302657	0.285184	0.296468	0.286677	0.290942	0.254737	0.253851	0.256240	0.000000	0.260033	0.254068	0.303543	0.305659	0.301302	0.300113	0.297843	0.250923	0.279221	0.250507	0.257121	0.252555	0.301368	0.304256	0.290001	0.299464	0.422581	
0.430598	0.302364	0.287428	0.307874	0.303912	0.304999	0.311316	0.288199	0.297321	0.505691	0.445491	0.470670	0.303404	0.301926	0.314633	0.259278	0.302363	0.250882	0.251401	0.259947	0.253445	0.255915	0.290285	0.260346	0.250545	0.286059	0.286916	0.247153	0.253723	0.281878	0.281865	0.288232	0.302256	0.306398	0.302047	0.303459	0.306200	0.297418	0.300842	0.291656	0.304032	0.285757	0.292482	0.309837	0.301632	0.289012	0.295764	0.289550	0.290039	0.262955	0.252880	0.252637	0.260033	0.000000	0.255090	0.312692	0.309292	0.300052	0.297361	0.294049	0.251086	0.280152	0.253370	0.258853	0.254751	0.302903	0.301238	0.288709	0.302107	0.480170	
0.390984	0.287824	0.283786	0.307005	0.302587	0.301781	0.303413	0.289837	0.306793	0.486196	0.420179	0.420739	0.310162	0.310140	0.300812	0.257800	0.304373	0.246249	0.251112	0.257177	0.248711	0.249775	0.296825	0.252181	0.248477	0.290111	0.283121	0.241941	0.244780	0.280194	0.282147	0.285599	0.302332	0.301129	0.309375	0.304301	0.304437	0.306685	0.301970	0.301579	0.304238	0.284382	0.286226	0.297266	0.306326	0.286612	0.283184	0.288042	0.289230	0.251039	0.248861	0.251028	0.254068	0.255090	0.000000	0.306632	0.309421	0.308321	0.301515	0.299368	0.252628	0.280403	0.245169	0.254361	0.253235	0.303707	0.305350	0.288733	0.305406	0.435115	
0.399770	0.256203	0.292809	0.256785	0.262278	0.250500	0.251384	0.293722	0.263328	0.538095	0.491197	0.454685	0.262884	0.257608	0.248870	0.299154	0.264285	0.297679	0.298243	0.297500	0.303446	0.296215	0.292624	0.302736	0.304421	0.298016	0.285789	0.305195	0.298935	0.284337	0.282285	0.288137	0.256210	0.251016	0.255968	0.256761	0.258576	0.263710	0.259085	0.258350	0.261937	0.291811	0.292801	0.250722	0.253040	0.288033	0.286047	0.295612	0.291889	0.301250	0.300422	0.302127	0.303543	0.312692	0.306632	0.000000	0.251568	0.251238	0.256192	0.259654	0.299151	0.290915	0.297499	0.305779	0.307811	0.257712	0.263753	0.291574	0.261755	0.473950	
0.398608	0.250098	0.291648	0.257181	0.253220	0.250530	0.250566	0.291974	0.261111	0.507168	0.444142	0.423602	0.255280	0.251530	0.242610	0.307791	0.257165	0.304373	0.302710	0.302417	0.303841	0.305730	0.298604	0.305576	0.308949	0.295766	0.289689	0.312261	0.303030	0.290706	0.286478	0.290340	0.250648	0.253008	0.257628	0.260787	0.252740	0.258530	0.255520	0.254127	0.251878	0.297178	0.293519	0.246073	0.259388	0.286423	0.290594	0.296977	0.291726	0.302893	0.301797	0.303184	0.305659	0.309292	0.309421	0.251568	0.000000	0.257266	0.251650	0.258698	0.307372	0.290818	0.301276	0.302256	0.305179	0.254484	0.253704	0.292426	0.256557	0.437662	
0.402985	0.254208	0.284701	0.253312	0.251770	0.252484	0.252180	0.292900	0.263651	0.536885	0.474674	0.439589	0.257426	0.253041	0.249498	0.303735	0.257371	0.297694	0.297274	0.293970	0.293965	0.297146	0.292267	0.302695	0.303994	0.290723	0.288386	0.302006	0.302727	0.288275	0.275195	0.289346	0.255787	0.253736	0.252608	0.252285	0.253157	0.257413	0.256385	0.258489	0.258132	0.293211	0.291214	0.248460	0.255802	0.287729	0.292992	0.291772	0.288988	0.297992	0.298195	0.293327	0.301302	0.300052	0.308321	0.251238	0.257266	0.000000	0.255398	0.255285	0.300011	0.287851	0.294216	0.303756	0.301363	0.256792	0.259128	0.284067	0.252105	0.495327	
0.411504	0.258355	0.284861	0.255549	0.255247	0.250032	0.250945	0.286324	0.256975	0.488764	0.445498	0.506601	0.253957	0.248779	0.252467	0.305718	0.252493	0.288809	0.290270	0.294435	0.295368	0.295692	0.288921	0.293143	0.301314	0.290482	0.282632	0.315660	0.295294	0.286968	0.287323	0.285258	0.247066	0.250882	0.256697	0.255875	0.254225	0.257867	0.258983	0.254549	0.251201	0.294044	0.284875	0.248001	0.254679	0.287695	0.287001	0.288379	0.290898	0.297235	0.298676	0.297652	0.300113	0.297361	0.301515	0.256192	0.251650	0.255398	0.000000	0.254493	0.294139	0.288758	0.293500	0.297036	0.298014	0.265223	0.252105	0.282428	0.259739	0.465041	
0.329579	0.254081	0.281830	0.255235	0.259958	0.247135	0.259903	0.283526	0.259305	0.347352	0.318423	0.385224	0.261263	0.253485	0.249846	0.290562	0.258941	0.287020	0.289940	0.285321	0.293016	0.290407	0.292704	0.296017	0.293037	0.289965	0.275969	0.291681	0.290590	0.283077	0.271038	0.286897	0.249503	0.253457	0.255727	0.255946	0.251360	0.263550	0.263484	0.252351	0.257237	0.288604	0.286233	0.251023	0.246896	0.285298	0.281826	0.287066	0.290067	0.294611	0.293572	0.283354	0.297843	0.294049	0.299368	0.259654	0.258698	0.255285	0.254493	0.000000	0.292989	0.286081	0.284637	0.293241	0.297448	0.253507	0.247892	0.286818	0.256327	0.307989	
0.433905	0.300671	0.282462	0.303714	0.296773	0.299180	0.303548	0.289952	0.299487	0.527363	0.455645	0.477901	0.298665	0.299989	0.310723	0.258929	0.304604	0.251912	0.251007	0.258726	0.250864	0.254443	0.287695	0.250884	0.253468	0.288315	0.282274	0.261463	0.255827	0.282967	0.279188	0.284038	0.300707	0.301436	0.300291	0.300324	0.298967	0.299849	0.299033	0.297929	0.300369	0.290242	0.290591	0.300869	0.296785	0.283459	0.293337	0.290694	0.287337	0.257085	0.253063	0.251693	0.250923	0.251086	0.252628	0.299151	0.307372	0.300011	0.294139	0.292989	0.000000	0.275707	0.256009	0.253212	0.251012	0.297954	0.302580	0.291923	0.300483	0.485591	
0.421305	0.291782	0.264462	0.291850	0.290624	0.283384	0.291085	0.267625	0.295776	0.492063	0.454068	0.455112	0.291454	0.291514	0.295209	0.279273	0.295957	0.276733	0.275132	0.277113	0.278526	0.278836	0.271332	0.276437	0.282145	0.270098	0.257757	0.289272	0.273567	0.244795	0.274881	0.260924	0.287713	0.293989	0.290321	0.293968	0.292044	0.295065	0.296631	0.286986	0.286006	0.266603	0.262382	0.290418	0.289156	0.260539	0.269790	0.259363	0.262968	0.276412	0.276170	0.275042	0.279221	0.280152	0.280403	0.290915	0.290818	0.287851	0.288758	0.286081	0.275707	0.000000	0.279135	0.278441	0.281437	0.286797	0.293921	0.264809	0.286681	0.479889	
0.331006	0.280699	0.278419	0.299395	0.297696	0.292052	0.299783	0.279767	0.298951	0.338406	0.318260	0.378378	0.297136	0.298742	0.292463	0.248483	0.301396	0.243129	0.241705	0.256718	0.250884	0.248520	0.288734	0.254276	0.250581	0.283031	0.274800	0.243948	0.247625	0.272739	0.279186	0.281119	0.290331	0.296038	0.295204	0.297293	0.301161	0.299453	0.299968	0.294833	0.293163	0.284051	0.280458	0.294625	0.300213	0.278307	0.291717	0.280819	0.283193	0.248178	0.245996	0.253027	0.250507	0.253370	0.245169	0.297499	0.301276	0.294216	0.293500	0.284637	0.256009	0.279135	0.000000	0.253309	0.254984	0.299221	0.290909	0.282876	0.299157	0.333896	
